date,lat,lon,Chlorophyll
2020-09-09,44.6851666725426,-122.19827725642058,0.6694858248344807
2020-09-09,44.725051871157504,-122.18426353798831,0.9078721614085594
2020-09-09,44.725051871157504,-122.14545631771436,0.6922938653788898
2020-09-09,44.72828580618033,-122.15677509029426,0.9477206432396682
2020-09-09,44.716428044429954,-122.1788736462836,0.7388265601169425
2020-09-09,44.72343490364609,-122.17995162462454,0.705566418000865
2020-09-09,44.70510927185005,-122.19127039720443,0.705437291208047
2020-09-09,44.72451288198703,-122.17456173291984,0.6992188446284953
2020-09-09,44.716428044429954,-122.171327797897,1.3618464966441408
2020-09-09,44.72181793613468,-122.25002021678588,0.7177970772749552
2020-09-09,44.70888219604336,-122.17941263545409,0.7060456417411577
2020-09-09,44.69379049927014,-122.25271516263822,0.6744264810163391
2020-09-09,44.70025836931581,-122.20312815895484,0.6958750997593793
2020-09-09,44.694329488440616,-122.20420613729576,0.6961641381370365
2020-09-09,44.69702443429298,-122.23492852001266,0.6503871854171045
2020-09-09,44.72666883866892,-122.16971083038558,0.7057997983186571
2020-09-09,44.715350066089016,-122.1880364621816,0.7110147692426578
2020-09-09,44.69594645595203,-122.19881624559105,0.7050007056197868
2020-09-09,44.72181793613468,-122.14976823107811,0.7125811562054748
2020-09-09,44.72343490364609,-122.17833465711313,0.7215825363037616
2020-09-09,44.71804501194137,-122.1616259928285,0.716387247048946
2020-09-09,44.71427208774807,-122.18480252715878,0.711216333078259
2020-09-09,44.696485445122505,-122.24678628176304,2.3195346513078188
2020-09-09,44.71157714189571,-122.18965342969304,0.7169276481454543
2020-09-09,44.714811076918544,-122.18210758130644,0.7140412033314258
2020-09-09,44.7175060227709,-122.12551371840688,0.6927423714219233
2020-09-09,44.727746817009866,-122.16432093868086,0.7214406892025571
2020-09-09,44.716428044429954,-122.25163718429728,1.5798484191845075
2020-09-09,44.69756342346345,-122.23492852001266,0.6489969258382912
2020-09-09,44.72397389281656,-122.18588050549972,0.9827084711269003
2020-09-09,44.714811076918544,-122.17348375457888,0.7252390524947058
2020-09-09,44.73690963290788,-122.15731407946473,0.7793818584814027
2020-09-09,44.70780421770241,-122.23492852001266,0.7191173549487573
2020-09-09,44.70780421770241,-122.1826465704769,0.7578277370645616
2020-09-09,44.70079735848628,-122.23546750918312,0.6460255289198169
2020-09-09,44.716967033600426,-122.24463032508116,0.7037096372991647
2020-09-09,44.70888219604336,-122.17563971126076,0.7081703638730049
2020-09-09,44.70133634765675,-122.24085740088783,0.6566656775826256
2020-09-09,44.716967033600426,-122.2473252709335,0.7042276263365173
2020-09-09,44.6927125209292,-122.21067400734142,0.6876520048635005
2020-09-09,44.70403129350911,-122.19666028890916,0.7089058783085033
2020-09-09,44.7099601743843,-122.24301335756974,1.4822827369488538
2020-09-09,44.692173531758726,-122.21821985572804,0.678308049005399
2020-09-09,44.7137330985776,-122.2451693142516,0.6947112519323103
2020-09-09,44.70025836931581,-122.19719927807964,0.7069946460096553
2020-09-09,44.716967033600426,-122.12659169674784,0.6942080154548127
2020-09-09,44.69810241263392,-122.24624729259256,0.6812037691195495
2020-09-09,44.70187533682722,-122.2300776174784,1.6321739934148398
2020-09-09,44.70780421770241,-122.18534151632926,0.7610956013636779
2020-09-09,44.69810241263392,-122.21229097485283,0.6974472890305352
2020-09-09,44.72666883866892,-122.17186678706749,0.722604789519572
2020-09-09,44.72451288198703,-122.1691718412151,0.7373080763457149
2020-09-09,44.716967033600426,-122.18318555964736,0.6913273438429594
2020-09-09,44.69109555341779,-122.20474512646624,0.68487448555018
2020-09-09,44.71588905525949,-122.18749747301116,0.7003694341753031
2020-09-09,44.69864140180439,-122.19612129973868,0.7053828386252207
2020-09-09,44.69702443429298,-122.2300776174784,0.6535380424648994
2020-09-09,44.68462768337213,-122.19881624559105,0.6799019538099248
2020-09-09,44.702953315168166,-122.23169458498982,2.4417105656330693
2020-09-09,44.67977678083789,-122.19073140803395,1.6744823784344753
2020-09-09,44.71804501194137,-122.16485992785134,0.7726592434876791
2020-09-09,44.71157714189571,-122.23870144420596,0.7128389988651406
2020-09-09,44.72181793613468,-122.15731407946473,0.7195494181737305
2020-09-09,44.69379049927014,-122.2209148015804,0.6638216380193195
2020-09-09,44.702414325997694,-122.1901924188635,0.7206645506703934
2020-09-09,44.67708183498552,-122.19558231056824,1.9600947840472698
2020-09-09,44.71211613106618,-122.19073140803395,0.7213072881053365
2020-09-09,44.69379049927014,-122.21067400734142,0.6857277168929599
2020-09-09,44.70618725019099,-122.1826465704769,0.7119971171199788
2020-09-09,44.71103815272524,-122.18480252715878,0.6985592478906154
2020-09-09,44.72343490364609,-122.17024981955603,0.7141845804083172
2020-09-09,44.72451288198703,-122.16216498199896,0.8592930650698659
2020-09-09,44.725051871157504,-122.1826465704769,1.1906311873883617
2020-09-09,44.702414325997694,-122.23492852001266,0.6494419454798437
2020-09-09,44.722895914475615,-122.2473252709335,1.1591077332143973
2020-09-09,44.6889395967359,-122.20258916978436,0.699094373180619
2020-09-09,44.69918039097486,-122.24247436839926,0.6741011323573451
2020-09-09,44.712655120236654,-122.18534151632926,0.7020454334623095
2020-09-09,44.706726239361466,-122.23924043337642,0.6844044104671559
2020-09-09,44.68570566171307,-122.20151119144342,2.601509465786557
2020-09-09,44.70510927185005,-122.23385054167171,0.6607024233028352
2020-09-09,44.71588905525949,-122.16324296033991,0.7321780983752956
2020-09-09,44.74014356793072,-122.15893104697616,0.9796216275738396
2020-09-09,44.727746817009866,-122.14976823107811,0.8422903386565812
2020-09-09,44.67654284581505,-122.19558231056824,2.283571392081753
2020-09-09,44.71157714189571,-122.17563971126076,0.6877457434157191
2020-09-09,44.67654284581505,-122.18911444052256,0.7054036013969214
2020-09-09,44.70510927185005,-122.18318555964736,0.7112055730774113
2020-09-09,44.70349230433864,-122.18588050549972,0.7211664964472367
2020-09-09,44.70349230433864,-122.237623465865,0.6489611682531691
2020-09-09,44.733675697885054,-122.1637819495104,0.6627077224556006
2020-09-09,44.725590860327976,-122.14330036103246,0.698001122674404
2020-09-09,44.69594645595203,-122.20151119144342,0.7036008249041512
2020-09-09,44.69756342346345,-122.19127039720443,0.720323685336686
2020-09-09,44.70403129350911,-122.19073140803395,0.7189801406846821
2020-09-09,44.71427208774807,-122.18426353798831,0.7097210289173819
2020-09-09,44.69702443429298,-122.24840324927445,0.6810527470687842
2020-09-09,44.70942118521383,-122.1826465704769,0.702716631576096
2020-09-09,44.69810241263392,-122.2451693142516,0.6802437757240375
2020-09-09,44.6927125209292,-122.25325415180868,0.6783803288894251
2020-09-09,44.6927125209292,-122.20797906148908,0.6839545833403867
2020-09-09,44.69001757507685,-122.20690108314813,0.6861288004882784
2020-09-09,44.70133634765675,-122.24139639005833,0.6541566015567107
2020-09-09,44.71588905525949,-122.17024981955603,0.7041970167465302
2020-09-09,44.70510927185005,-122.18965342969304,0.7310742324720062
2020-09-09,44.69918039097486,-122.19666028890916,0.7089080374499601
2020-09-09,44.714811076918544,-122.1670158845332,0.6876975757923806
2020-09-09,44.714811076918544,-122.24463032508116,0.7005494813041854
2020-09-09,44.72990277369175,-122.1675548737037,0.7031417112849409
2020-09-09,44.712655120236654,-122.2397794225469,0.7152639427556106
2020-09-09,44.68624465088354,-122.19827725642058,0.672804561736225
2020-09-09,44.72235692530514,-122.24894223844493,0.6971066857046433
2020-09-09,44.69163454258826,-122.20851805065952,0.6859852105386531
2020-09-09,44.69971938014533,-122.24570830342208,0.67726460768702
2020-09-09,44.68301071586071,-122.19288736471586,0.7724639353885326
2020-09-09,44.71427208774807,-122.16324296033991,0.6943689278102678
2020-09-09,44.692173531758726,-122.21983682323943,2.495983686126908
2020-09-09,44.70025836931581,-122.23061660664888,0.6677365780690236
2020-09-09,44.721278946964205,-122.24624729259256,0.6923302347246979
2020-09-09,44.72936378452128,-122.16432093868086,0.7140109596439476
2020-09-09,44.70133634765675,-122.19666028890916,0.7084213156039593
2020-09-09,44.696485445122505,-122.25002021678588,0.67704677289287
2020-09-09,44.71912299028232,-122.25055920595634,1.5281387079363915
2020-09-09,44.69864140180439,-122.19504332139776,0.708066970468779
2020-09-09,44.69486847761109,-122.22738267162605,1.848399748341386
2020-09-09,44.68678364005401,-122.20258916978436,0.6797658114921868
2020-09-09,44.69810241263392,-122.20312815895484,0.6938173470096897
2020-09-09,44.714811076918544,-122.1600090253171,0.7031466145698101
2020-09-09,44.70942118521383,-122.237623465865,0.7183342436047452
2020-09-09,44.70618725019099,-122.18049061379502,0.7234377230278589
2020-09-09,44.71912299028232,-122.2494812276154,0.6929055471167013
2020-09-09,44.70079735848628,-122.20312815895484,0.6923909551687505
2020-09-09,44.702953315168166,-122.18749747301116,0.7013210268861121
2020-09-09,44.69486847761109,-122.22199277992134,0.6573433931843874
2020-09-09,44.725590860327976,-122.18372454881784,0.9291703947378163
2020-09-09,44.696485445122505,-122.22307075826228,0.6631127874626602
2020-09-09,44.72666883866892,-122.1600090253171,0.7190537798347386
2020-09-09,44.715350066089016,-122.1653989170218,0.7224020490504405
2020-09-09,44.69702443429298,-122.22360974743276,0.6704588023676363
2020-09-09,44.7137330985776,-122.18911444052256,0.6994464139879325
2020-09-09,44.72828580618033,-122.1578530686352,0.7057259627668055
2020-09-09,44.72666883866892,-122.15084620941909,0.6948072381209234
2020-09-09,44.69540746678156,-122.21552490987568,0.6769597767412878
2020-09-09,44.7099601743843,-122.17563971126076,0.7018639427743621
2020-09-09,44.70942118521383,-122.17617870043124,0.7049958022119626
2020-09-09,44.71804501194137,-122.18049061379502,0.6854182479116879
2020-09-09,44.71858400111184,-122.15300216610096,0.8959596630905714
2020-09-09,44.727746817009866,-122.16971083038558,0.7148603454643093
2020-09-09,44.7099601743843,-122.17725667877218,0.7019588737635795
2020-09-09,44.69379049927014,-122.21768086655756,0.6733223307946261
2020-09-09,44.71804501194137,-122.15623610112378,0.7300920045022635
2020-09-09,44.72235692530514,-122.18210758130644,0.6930063255699244
2020-09-09,44.681393748349294,-122.19342635388634,0.6697572115367166
2020-09-09,44.73313670871458,-122.1616259928285,0.6579050289108049
2020-09-09,44.69055656424732,-122.21282996402331,0.6860168358713313
2020-09-09,44.70403129350911,-122.24031841171735,0.6476652963818323
2020-09-09,44.7175060227709,-122.18156859213596,0.6941992585107492
2020-09-09,44.72612984949845,-122.17402274374936,0.7175435114830464
2020-09-09,44.72828580618033,-122.16270397116944,0.7187250948707974
2020-09-09,44.702414325997694,-122.24031841171735,0.6562247513540364
2020-09-09,44.70079735848628,-122.2322335741603,0.6656107163689818
2020-09-09,44.69702443429298,-122.19881624559105,0.7025455305405174
2020-09-09,44.69594645595203,-122.20851805065952,0.6896081368307325
2020-09-09,44.70726522853194,-122.18102960296548,0.7420660365769264
2020-09-09,44.714811076918544,-122.2451693142516,0.6981884377993625
2020-09-09,44.73098075203269,-122.16485992785134,0.6930358405832117
2020-09-09,44.71319410940713,-122.17779566794266,0.6867032894138534
2020-09-09,44.702414325997694,-122.20043321310249,1.5369185029655164
2020-09-09,44.73313670871458,-122.16108700365804,0.6602523503147424
2020-09-09,44.71427208774807,-122.17617870043124,0.7109409950433861
2020-09-09,44.71427208774807,-122.17240577623794,0.7256825081141959
2020-09-09,44.715350066089016,-122.15677509029426,0.7323831319245656
2020-09-09,44.71858400111184,-122.15947003614662,0.728989328023293
2020-09-09,44.72451288198703,-122.1637819495104,0.7374896953019711
2020-09-09,44.71427208774807,-122.16593790619228,0.6950726384509212
2020-09-09,44.70888219604336,-122.18426353798831,0.7072532743242619
2020-09-09,44.69756342346345,-122.20097220227294,0.6984189105637106
2020-09-09,44.716967033600426,-122.1578530686352,0.7302006645637502
2020-09-09,44.70187533682722,-122.23061660664888,0.7391322938017687
2020-09-09,44.702953315168166,-122.199894223932,1.5565981087549212
2020-09-09,44.72990277369175,-122.16863285204464,0.7074477307021416
2020-09-09,44.70834320687288,-122.2360064983536,0.7152167573304647
2020-09-09,44.72235692530514,-122.15731407946473,0.7166296276133562
2020-09-09,44.72343490364609,-122.18210758130644,0.701064672760214
2020-09-09,44.696485445122505,-122.2419353792288,2.3046073383748134
2020-09-09,44.725051871157504,-122.17833465711313,0.6950115483803241
2020-09-09,44.71804501194137,-122.13090361011162,0.6901502633763741
2020-09-09,44.70888219604336,-122.18588050549972,0.6974955695577749
2020-09-09,44.69540746678156,-122.22630469328512,0.6524935706304925
2020-09-09,44.69055656424732,-122.20151119144342,1.5320841561586653
2020-09-09,44.70780421770241,-122.23438953084218,0.7216397225370438
2020-09-09,44.69540746678156,-122.24139639005833,0.684889854198803
2020-09-09,44.71157714189571,-122.18911444052256,0.7111268090888023
2020-09-09,44.72451288198703,-122.16270397116944,0.8213519116787429
2020-09-09,44.710499163554765,-122.1923483755454,0.7366578650041287
2020-09-09,44.702414325997694,-122.19342635388634,0.7088189414574255
2020-09-09,44.714811076918544,-122.17941263545409,0.7268345765436207
2020-09-09,44.72666883866892,-122.16485992785134,0.7357951094962335
2020-09-09,44.71103815272524,-122.17402274374936,0.691368348190505
2020-09-09,44.69325151009967,-122.21390794236426,0.6839542494835659
2020-09-09,44.69379049927014,-122.20097220227294,0.7077459799810979
2020-09-09,44.67492587830363,-122.19558231056824,1.1042461063863658
2020-09-09,44.68301071586071,-122.19558231056824,0.6706113313914568
2020-09-09,44.73960457876024,-122.15839205780568,0.6912797663851499
2020-09-09,44.7137330985776,-122.19073140803395,0.6879779678714381
2020-09-09,44.69756342346345,-122.19612129973868,0.7057302406495102
2020-09-09,44.71858400111184,-122.24624729259256,0.7221130940193643
2020-09-09,44.733675697885054,-122.16324296033991,0.6612765622491155
2020-09-09,44.721278946964205,-122.24840324927445,0.6964856974465423
2020-09-09,44.72451288198703,-122.18102960296548,0.7038303714633976
2020-09-09,44.733675697885054,-122.1653989170218,1.4889305810162883
2020-09-09,44.71157714189571,-122.18210758130644,0.7048360248102584
2020-09-09,44.706726239361466,-122.2397794225469,0.6798060653692027
2020-09-09,44.72451288198703,-122.17833465711313,0.7123725009766092
2020-09-09,44.702414325997694,-122.23169458498982,0.6646344816791362
2020-09-09,44.69971938014533,-122.22630469328512,1.7486350425943005
2020-09-09,44.72073995779373,-122.18049061379502,0.6860861237707242
2020-09-09,44.72343490364609,-122.15515812278284,0.8345331590208386
2020-09-09,44.71804501194137,-122.16108700365804,0.7155903667833172
2020-09-09,44.69756342346345,-122.21067400734142,0.6956072064008078
2020-09-09,44.712655120236654,-122.16432093868086,0.6911818998749916
2020-09-09,44.69971938014533,-122.20959602900048,1.7746004034655256
2020-09-09,44.69540746678156,-122.25217617346776,1.3319082114463374
2020-09-09,44.733675697885054,-122.16108700365804,0.6571228671916681
2020-09-09,44.721278946964205,-122.15569711195332,0.710963254635578
2020-09-09,44.702414325997694,-122.23816245503548,0.6539551134513634
2020-09-09,44.675464867474105,-122.19558231056824,1.369567567314577
2020-09-09,44.70564826102052,-122.1826465704769,0.707982872226692
2020-09-09,44.69702443429298,-122.20528411563672,0.7061752174777616
2020-09-09,44.70834320687288,-122.18318555964736,0.7422358967542849
2020-09-09,44.69163454258826,-122.20420613729576,0.686754464725279
2020-09-09,44.71427208774807,-122.18534151632926,0.723041083524011
2020-09-09,44.69486847761109,-122.21606389904616,0.6683026517802745
2020-09-09,44.71588905525949,-122.16054801448756,0.7090364259877652
2020-09-09,44.70025836931581,-122.23438953084218,0.6399801642478444
2020-09-09,44.71319410940713,-122.1675548737037,0.7039494460328812
2020-09-09,44.72235692530514,-122.15192418776002,0.7096872041296917
2020-09-09,44.69702443429298,-122.22522671494416,0.6599819293280962
2020-09-09,44.706726239361466,-122.23385054167171,0.6971957690859456
2020-09-09,44.71427208774807,-122.16485992785134,0.6946190480899997
2020-09-09,44.704570282679576,-122.23924043337642,0.6458531111670759
2020-09-09,44.69540746678156,-122.19935523476153,0.7114141430293502
2020-09-09,44.72181793613468,-122.17348375457888,0.7215466550816433
2020-09-09,44.73421468705553,-122.16324296033991,0.7594942786504464
2020-09-09,44.7288247953508,-122.1637819495104,0.7195764904336678
2020-09-09,44.69702443429298,-122.2473252709335,0.6740556916101378
2020-09-09,44.72235692530514,-122.2473252709335,0.6910727301214278
2020-09-09,44.71912299028232,-122.13144259928208,0.6977627822198418
2020-09-09,44.67977678083789,-122.19180938637491,0.6843666363420007
2020-09-09,44.712655120236654,-122.18426353798831,0.6862814239441825
2020-09-09,44.72181793613468,-122.15354115527144,0.707334888083622
2020-09-09,44.72720782783939,-122.16054801448756,0.7142421592921282
2020-09-09,44.7137330985776,-122.16054801448756,0.7034621471528061
2020-09-09,44.70564826102052,-122.23492852001266,0.6609858899219809
2020-09-09,44.69540746678156,-122.20851805065952,0.6896990930549081
2020-09-09,44.69864140180439,-122.24409133591068,0.6796717546866673
2020-09-09,44.69702443429298,-122.22684368245558,0.6656997893658323
2020-09-09,44.69540746678156,-122.2397794225469,2.2939896996541824
2020-09-09,44.69055656424732,-122.2149859207052,0.6948986649037758
2020-09-09,44.70510927185005,-122.1864194946702,0.74096843255281
2020-09-09,44.69864140180439,-122.1923483755454,0.7183623841013727
2020-09-09,44.69109555341779,-122.20690108314813,0.6898462840450291
2020-09-09,44.72666883866892,-122.17725667877218,0.9223790307414103
2020-09-09,44.69540746678156,-122.22199277992134,0.6537266377370027
2020-09-09,44.72612984949845,-122.1503072202486,0.6959110612805556
2020-09-09,44.714811076918544,-122.16216498199896,0.709814233045157
2020-09-09,44.696485445122505,-122.24624729259256,2.845181344658723
2020-09-09,44.70888219604336,-122.2397794225469,0.7094761698189795
2020-09-09,44.70780421770241,-122.24085740088783,0.6941863576252998
2020-09-09,44.69379049927014,-122.22360974743276,0.696956708976613
2020-09-09,44.71912299028232,-122.18156859213596,0.6933070654431701
2020-09-09,44.69379049927014,-122.21929783406898,0.6712816736485119
2020-09-09,44.70834320687288,-122.17456173291984,0.7085550400462373
2020-09-09,44.71103815272524,-122.17725667877218,0.6963159183579114
2020-09-09,44.71912299028232,-122.24463032508116,0.7117760003934385
2020-09-09,44.70780421770241,-122.18588050549972,0.7552681366373178
2020-09-09,44.737448622078354,-122.15731407946473,0.6602193840897022
2020-09-09,44.727746817009866,-122.15084620941909,1.1743475258864589
2020-09-09,44.72666883866892,-122.14491732854388,0.6934837109349874
2020-09-09,44.71588905525949,-122.17779566794266,0.874345772609276
2020-09-09,44.71211613106618,-122.1885754513521,0.7125996064867608
2020-09-09,44.71211613106618,-122.24409133591068,0.7035168267059337
2020-09-09,44.70510927185005,-122.19450433222728,0.7166776779701394
2020-09-09,44.72397389281656,-122.18102960296548,0.7107459784527597
2020-09-09,44.72397389281656,-122.15300216610096,0.7043987587660893
2020-09-09,44.72343490364609,-122.16809386287416,0.7441580555528204
2020-09-09,44.715350066089016,-122.17456173291984,0.791397458035267
2020-09-09,44.70618725019099,-122.19180938637491,0.7216997555828807
2020-09-09,44.71912299028232,-122.18372454881784,0.6842450446193522
2020-09-09,44.69325151009967,-122.21714187738708,0.6750882801748442
2020-09-09,44.71211613106618,-122.17240577623794,0.6981899315449442
2020-09-09,44.71912299028232,-122.24786426010398,0.6957479622600026
2020-09-09,44.69540746678156,-122.2074400723186,0.6868401057105907
2020-09-09,44.73421468705553,-122.16054801448756,0.6616089826054965
2020-09-09,44.69594645595203,-122.20205018061388,0.6997045811061043
2020-09-09,44.71912299028232,-122.12982563177069,0.6881835417852584
2020-09-09,44.716428044429954,-122.1616259928285,0.7074262060059504
2020-09-09,44.70133634765675,-122.19288736471586,0.7114605276069565
2020-09-09,44.70510927185005,-122.19666028890916,0.7115519438730524
2020-09-09,44.70025836931581,-122.24570830342208,0.9052929776646137
2020-09-09,44.71804501194137,-122.1653989170218,0.9733714426175961
2020-09-09,44.69379049927014,-122.20043321310249,0.8780695190539572
2020-09-09,44.69540746678156,-122.20312815895484,0.6980104841374338
2020-09-09,44.716428044429954,-122.17779566794266,0.759246982264469
2020-09-09,44.7099601743843,-122.23816245503548,0.7096867992877823
2020-09-09,44.725590860327976,-122.14869025273718,0.6941434942818943
2020-09-09,44.696485445122505,-122.1923483755454,2.7308648788683816
2020-09-09,44.72828580618033,-122.1637819495104,0.7186623090406633
2020-09-09,44.69864140180439,-122.20420613729576,0.6907367488023034
2020-09-09,44.70834320687288,-122.17725667877218,0.707698771200256
2020-09-09,44.69864140180439,-122.24786426010398,1.3354359438863996
2020-09-09,44.70025836931581,-122.199894223932,0.7031742603290725
2020-09-09,44.725051871157504,-122.17671768960172,0.7006925783559944
2020-09-09,44.72073995779373,-122.13090361011162,0.9078818854310763
2020-09-09,44.721278946964205,-122.1330595667935,0.6896478626655769
2020-09-09,44.69918039097486,-122.19127039720443,0.7291515339886261
2020-09-09,44.70187533682722,-122.24031841171735,0.6496830723903839
2020-09-09,44.67977678083789,-122.19342635388634,0.6841006198578247
2020-09-09,44.702953315168166,-122.19288736471586,0.7123806683359133
2020-09-09,44.69594645595203,-122.22953862830794,0.6462406331939986
2020-09-09,44.710499163554765,-122.23870144420596,0.7098826680788967
2020-09-09,44.692173531758726,-122.20797906148908,0.6831922424628075
2020-09-09,44.70834320687288,-122.18049061379502,0.7406650538187987
2020-09-09,44.69918039097486,-122.22684368245558,0.6690845964611318
2020-09-09,44.69540746678156,-122.20690108314813,0.6894778597142502
2020-09-09,44.71858400111184,-122.17833465711313,0.6929839285801525
2020-09-09,44.73259771954411,-122.1616259928285,0.6681710585186033
2020-09-09,44.73583165456694,-122.16108700365804,0.6670360365562595
2020-09-09,44.73098075203269,-122.1670158845332,0.7020127779485866
2020-09-09,44.716428044429954,-122.15515812278284,2.2209464623068063
2020-09-09,44.725590860327976,-122.14006642600964,0.6938775074136594
2020-09-09,44.715350066089016,-122.1885754513521,0.7153501452769171
2020-09-09,44.70133634765675,-122.23115559581936,0.667305949376058
2020-09-09,44.69594645595203,-122.23115559581936,0.6467996828242123
2020-09-09,44.69702443429298,-122.1939653430568,0.7071707826676915
2020-09-09,44.715350066089016,-122.18210758130644,0.7140665427836872
2020-09-09,44.72343490364609,-122.17510072209028,0.6988246151649221
2020-09-09,44.68247172669024,-122.1923483755454,1.041235176084807
2020-09-09,44.71858400111184,-122.24463032508116,0.7181746842377328
2020-09-09,44.69756342346345,-122.21929783406898,2.4275553533165346
2020-09-09,44.72936378452128,-122.16216498199896,0.71153290169417
2020-09-09,44.714811076918544,-122.2435523467402,0.7040206248800388
2020-09-09,44.72828580618033,-122.16108700365804,0.7180031190992217
2020-09-09,44.68678364005401,-122.20097220227294,0.6796334613932224
2020-09-09,44.710499163554765,-122.2360064983536,0.7134502537767073
2020-09-09,44.71319410940713,-122.17240577623794,0.6936730811768518
2020-09-09,44.7288247953508,-122.15893104697616,0.9054855140840933
2020-09-09,44.69810241263392,-122.22468772577368,0.6776614631205646
2020-09-09,44.72020096862326,-122.18049061379502,0.6778971166118736
2020-09-09,44.70726522853194,-122.19612129973868,0.7071906468315187
2020-09-09,44.71427208774807,-122.18965342969304,0.6965122987102589
2020-09-09,44.716428044429954,-122.17078880872651,1.00668263183806
2020-09-09,44.72020096862326,-122.15677509029426,0.7213421281015685
2020-09-09,44.704570282679576,-122.18588050549972,0.7169673278176845
2020-09-09,44.69971938014533,-122.20312815895484,0.6933673236538449
2020-09-09,44.72936378452128,-122.16054801448756,0.7039461835772773
2020-09-09,44.70349230433864,-122.18911444052256,0.7112905118268233
2020-09-09,44.696485445122505,-122.21552490987568,0.679031374936882
2020-09-09,44.7099601743843,-122.24247436839926,0.7079936886769397
2020-09-09,44.7175060227709,-122.1880364621816,0.682021237976581
2020-09-09,44.70079735848628,-122.19073140803395,0.7077142388868528
2020-09-09,44.72020096862326,-122.15354115527144,0.7177866539521748
2020-09-09,44.714811076918544,-122.24139639005833,1.6671825741502635
2020-09-09,44.677620824156,-122.19073140803395,0.9391431918260303
2020-09-09,44.7099601743843,-122.19127039720443,0.726768138778628
2020-09-09,44.70726522853194,-122.2360064983536,0.7046963925371826
2020-09-09,44.73421468705553,-122.1637819495104,1.0159490705645522
2020-09-09,44.7099601743843,-122.1864194946702,0.7033591361979478
2020-09-09,44.70888219604336,-122.17510072209028,0.709022468172197
2020-09-09,44.72451288198703,-122.18372454881784,0.7119400327315466
2020-09-09,44.69540746678156,-122.21390794236426,0.6841805465093517
2020-09-09,44.710499163554765,-122.24301335756974,0.7636540568781118
2020-09-09,44.71966197945279,-122.2510981951268,1.4980054948582922
2020-09-09,44.71211613106618,-122.18588050549972,0.7104108741007578
2020-09-09,44.69864140180439,-122.1885754513521,0.7351275145466387
2020-09-09,44.694329488440616,-122.21229097485283,0.6824816493625259
2020-09-09,44.6927125209292,-122.20528411563672,0.6901170452522896
2020-09-09,44.71858400111184,-122.24301335756974,1.5091373928821261
2020-09-09,44.69918039097486,-122.1939653430568,0.7044541784589947
2020-09-09,44.72990277369175,-122.16593790619228,0.7035663008631179
2020-09-09,44.727746817009866,-122.16054801448756,0.7125494025921196
2020-09-09,44.72666883866892,-122.16324296033991,0.7233521377595329
2020-09-09,44.68354970503118,-122.19827725642058,2.640091990856035
2020-09-09,44.72181793613468,-122.1330595667935,0.685629369689767
2020-09-09,44.72451288198703,-122.17402274374936,0.7014542148774248
2020-09-09,44.70510927185005,-122.18372454881784,0.7087229208865033
2020-09-09,44.692173531758726,-122.20420613729576,0.6931471805599453
2020-09-09,44.712655120236654,-122.23924043337642,0.7290791897860087
2020-09-09,44.735292665396464,-122.15893104697616,0.7718202126324213
2020-09-09,44.71211613106618,-122.16593790619228,1.9843525763438394
2020-09-09,44.696485445122505,-122.2300776174784,0.6561900559186366
2020-09-09,44.72235692530514,-122.18534151632926,0.6865855616493053
2020-09-09,44.677620824156,-122.18965342969304,0.6947626897965999
2020-09-09,44.69109555341779,-122.21444693153472,0.6947944335503773
2020-09-09,44.725590860327976,-122.1691718412151,0.719547672765137
2020-09-09,44.69594645595203,-122.21282996402331,0.6892748517736199
2020-09-09,44.7099601743843,-122.17402274374936,0.6936185451691914
2020-09-09,44.71966197945279,-122.18049061379502,0.6772408482040431
2020-09-09,44.69918039097486,-122.19881624559105,0.6975966968271122
2020-09-09,44.69540746678156,-122.21175198568235,0.6868803248017227
2020-09-09,44.68786161839496,-122.20151119144342,0.6949973198481069
2020-09-09,44.7175060227709,-122.18911444052256,0.7807452398779313
2020-09-09,44.73044176286222,-122.16324296033991,0.7048828151362212
2020-09-09,44.733675697885054,-122.15893104697616,0.6970256598885162
2020-09-09,44.72612984949845,-122.16593790619228,0.7376521326396931
2020-09-09,44.72990277369175,-122.16108700365804,0.7006256742016227
2020-09-09,44.67869880249694,-122.19612129973868,1.9022470061377141
2020-09-09,44.72666883866892,-122.16647689536276,0.7311573558108768
2020-09-09,44.725051871157504,-122.16971083038558,0.7285468204824767
2020-09-09,44.721278946964205,-122.17617870043124,0.6932899867008521
2020-09-09,44.68947858590637,-122.20528411563672,0.6947133515926902
2020-09-09,44.694329488440616,-122.2112129965119,0.6817316631095579
2020-09-09,44.7137330985776,-122.1901924188635,0.692168946194824
2020-09-09,44.70834320687288,-122.2419353792288,0.6819923447955447
2020-09-09,44.69702443429298,-122.21714187738708,0.6828541867061599
2020-09-09,44.696485445122505,-122.2074400723186,0.7005702718030707
2020-09-09,44.69971938014533,-122.20528411563672,0.6955039036646689
2020-09-09,44.681932737519766,-122.1939653430568,0.6619663499175733
2020-09-09,44.725590860327976,-122.14114440435058,0.696843375888141
2020-09-09,44.727746817009866,-122.15893104697616,0.7099736213428226
2020-09-09,44.714811076918544,-122.17671768960172,0.7013198549114438
2020-09-09,44.71858400111184,-122.15515812278284,0.727134240429196
2020-09-09,44.716967033600426,-122.18911444052256,0.6892856749249787
2020-09-09,44.72181793613468,-122.1788736462836,0.686208268277673
2020-09-09,44.70618725019099,-122.17833465711313,0.7379941219543372
2020-09-09,44.73637064373741,-122.1616259928285,1.839300413997055
2020-09-09,44.68624465088354,-122.20205018061388,0.783744075912172
2020-09-09,44.7137330985776,-122.171327797897,0.7128226914366577
2020-09-09,44.71319410940713,-122.16432093868086,0.6860540206482234
2020-09-09,44.7099601743843,-122.18318555964736,0.6993762083343867
2020-09-09,44.70510927185005,-122.2360064983536,0.6511861546487452
2020-09-09,44.696485445122505,-122.20474512646624,0.6915693598787285
2020-09-09,44.70133634765675,-122.22899963913748,0.8592980043903141
2020-09-09,44.70564826102052,-122.23708447669456,0.6608589041823089
2020-09-09,44.72451288198703,-122.15354115527144,0.7039170027440007
2020-09-09,44.69325151009967,-122.2225317690918,2.3678027313054257
2020-09-09,44.727746817009866,-122.1443783393734,0.6937615659744527
2020-09-09,44.70403129350911,-122.18426353798831,0.7153150188711306
2020-09-09,44.71319410940713,-122.1729447654084,0.693531919262992
2020-09-09,44.70618725019099,-122.19127039720443,0.7237368645206809
2020-09-09,44.71858400111184,-122.1788736462836,0.6845620970029289
2020-09-09,44.72235692530514,-122.15893104697616,0.9786224629943244
2020-09-09,44.72936378452128,-122.17024981955603,0.7764897262360371
2020-09-09,44.694329488440616,-122.20636209397766,0.6819509022846324
2020-09-09,44.71912299028232,-122.2435523467402,1.3027733890700293
2020-09-09,44.72612984949845,-122.17833465711313,0.8694554901304482
2020-09-09,44.69810241263392,-122.1977382672501,0.7040725581413015
2020-09-09,44.71588905525949,-122.24409133591068,0.700480042376482
2020-09-09,44.714811076918544,-122.19073140803395,0.7452943244372539
2020-09-09,44.70187533682722,-122.24085740088783,0.6535656142699734
2020-09-09,44.715350066089016,-122.16863285204464,0.6920684318037695
2020-09-09,44.69594645595203,-122.22630469328512,0.6549051692871516
2020-09-09,44.69486847761109,-122.21929783406898,0.664828034633084
2020-09-09,44.69810241263392,-122.19288736471586,0.7167787850932223
2020-09-09,44.706726239361466,-122.18695848384068,0.7289734136535387
2020-09-09,44.69810241263392,-122.20474512646624,0.7026270071352326
2020-09-09,44.716967033600426,-122.16485992785134,0.6922091570405794
2020-09-09,44.721278946964205,-122.18102960296548,0.6867346185074388
2020-09-09,44.702414325997694,-122.19719927807964,0.7040018151767722
2020-09-09,44.69163454258826,-122.21013501817096,0.6758888423306646
2020-09-09,44.716428044429954,-122.18318555964736,0.7096816884177773
2020-09-09,44.69756342346345,-122.18911444052256,2.0767055618609613
2020-09-09,44.72666883866892,-122.15192418776002,0.6950497686528933
2020-09-09,44.7137330985776,-122.18695848384068,0.6891551592904078
2020-09-09,44.735292665396464,-122.16270397116944,1.8604976123177812
2020-09-09,44.70403129350911,-122.19342635388634,0.7098449554832921
2020-09-09,44.70133634765675,-122.23708447669456,0.6460202958355665
2020-09-09,44.73098075203269,-122.1653989170218,0.695259818250143
2020-09-09,44.70780421770241,-122.19127039720443,0.7200831871173304
2020-09-09,44.69163454258826,-122.20258916978436,0.6926842175887132
2020-09-09,44.70025836931581,-122.20097220227294,0.6988829121461569
2020-09-09,44.72343490364609,-122.1653989170218,0.7819103226428099
2020-09-09,44.70133634765675,-122.199894223932,0.6993777303105815
2020-09-09,44.716428044429954,-122.15947003614662,0.709892731457785
2020-09-09,44.702953315168166,-122.23654548752408,0.6458118644076957
2020-09-09,44.69540746678156,-122.2419353792288,1.1420974006078486
2020-09-09,44.70726522853194,-122.1923483755454,0.724657300798719
2020-09-09,44.72020096862326,-122.16054801448756,1.013619075834717
2020-09-09,44.69971938014533,-122.20420613729576,0.6954326470823239
2020-09-09,44.716967033600426,-122.17833465711313,0.7305131920003152
2020-09-09,44.71427208774807,-122.15947003614662,0.7082898484644143
2020-09-09,44.702414325997694,-122.18534151632926,1.1338271949591763
2020-09-09,44.71319410940713,-122.18426353798831,0.6833166762274641
2020-09-09,44.714811076918544,-122.18695848384068,0.6910534870445388
2020-09-09,44.70726522853194,-122.19719927807964,1.1030259150006358
2020-09-09,44.70349230433864,-122.1923483755454,0.7098631285375097
2020-09-09,44.684088694201655,-122.1977382672501,0.6775348388675776
2020-09-09,44.71588905525949,-122.1788736462836,0.7090505827598595
2020-09-09,44.71858400111184,-122.1864194946702,0.6831106626822488
2020-09-09,44.69594645595203,-122.20905703983,0.6898260217450184
2020-09-09,44.69594645595203,-122.22576570411464,0.6569075069048383
2020-09-09,44.71858400111184,-122.18210758130644,0.699185654335032
2020-09-09,44.69864140180439,-122.19558231056824,0.7076900218377745
2020-09-09,44.70025836931581,-122.2322335741603,0.6596202787187766
2020-09-09,44.70834320687288,-122.23385054167171,1.4151227130198683
2020-09-09,44.69756342346345,-122.22630469328512,0.6694022107791786
2020-09-09,44.72181793613468,-122.15677509029426,0.9026230931454913
2020-09-09,44.70942118521383,-122.24031841171735,0.7063787153382534
2020-09-09,44.72612984949845,-122.14222238269151,0.6937001250031187
2020-09-09,44.69486847761109,-122.19666028890916,0.7212212777889059
2020-09-09,44.6927125209292,-122.22468772577368,2.345965388624271
2020-09-09,44.72181793613468,-122.18534151632926,0.6831386483235079
2020-09-09,44.722895914475615,-122.1330595667935,0.9706632500480387
2020-09-09,44.725051871157504,-122.142761371862,0.6978813481783099
2020-09-09,44.70942118521383,-122.18156859213596,0.6957739222856636
2020-09-09,44.69756342346345,-122.20636209397766,0.705886206337375
2020-09-09,44.69163454258826,-122.20959602900048,0.6806880772717865
2020-09-09,44.722895914475615,-122.15569711195332,0.7094095003406873
2020-09-09,44.70187533682722,-122.19827725642058,0.7044035381292678
2020-09-09,44.71211613106618,-122.24463032508116,0.8376905528095598
2020-09-09,44.722895914475615,-122.15839205780568,0.7504984770314109
2020-09-09,44.7099601743843,-122.18695848384068,0.7029517597220182
2020-09-09,44.69379049927014,-122.25325415180868,1.5050734127948702
2020-09-09,44.70726522853194,-122.19504332139776,0.704796057803706
2020-09-09,44.69918039097486,-122.23654548752408,0.6421230651780578
2020-09-09,44.69540746678156,-122.24031841171735,1.451433663290852
2020-09-09,44.72181793613468,-122.17617870043124,0.6905616174402885
2020-09-09,44.69756342346345,-122.21390794236426,0.7651521025168884
2020-09-09,44.69864140180439,-122.21067400734142,0.7039753481351573
2020-09-09,44.7175060227709,-122.24786426010398,0.6967728643467159
2020-09-09,44.72936378452128,-122.16593790619228,0.7099831734883258
2020-09-09,44.70025836931581,-122.1977382672501,0.7056432326736868
2020-09-09,44.694329488440616,-122.20151119144342,0.7022054238924027
2020-09-09,44.69918039097486,-122.2112129965119,0.8730849459986236
2020-09-09,44.677620824156,-122.1885754513521,0.7009358152043013
2020-09-09,44.6889395967359,-122.20474512646624,0.6920774710623273
2020-09-09,44.696485445122505,-122.2133689531938,0.6897174045585421
2020-09-09,44.716967033600426,-122.12766967508878,0.6933136391537545
2020-09-09,44.69918039097486,-122.2435523467402,0.6727433873780845
2020-09-09,44.69810241263392,-122.22684368245558,0.6695364939030862
2020-09-09,44.72828580618033,-122.14383935020294,0.9809388000348955
2020-09-09,44.70888219604336,-122.2360064983536,0.7161609693922113
2020-09-09,44.72073995779373,-122.13252057762304,0.6926749255334587
2020-09-09,44.716428044429954,-122.25055920595634,0.692207330866703
2020-09-09,44.71157714189571,-122.17240577623794,0.6947137290516704
2020-09-09,44.70726522853194,-122.17617870043124,0.7159041676825614
2020-09-09,44.725051871157504,-122.1368324909868,0.6935153013077063
2020-09-09,44.737987611248826,-122.15731407946473,0.6529939226301723
2020-09-09,44.684088694201655,-122.19612129973868,0.6710598428376828
2020-09-09,44.72612984949845,-122.1653989170218,0.7373676490393121
2020-09-09,44.69702443429298,-122.23385054167171,0.6513913473521707
2020-09-09,44.727746817009866,-122.14869025273718,0.6965198650385847
2020-09-09,44.72451288198703,-122.17995162462454,0.7026154345088419
2020-09-09,44.677620824156,-122.19612129973868,0.6967921390335015
2020-09-09,44.68301071586071,-122.19719927807964,1.3961466575629022
2020-09-09,44.70133634765675,-122.19127039720443,0.7147666782975874
2020-09-09,44.725051871157504,-122.18049061379502,0.9924615714677825
2020-09-09,44.71157714189571,-122.23924043337642,0.7096729577914153
2020-09-09,44.727746817009866,-122.1670158845332,0.7106575767918104
2020-09-09,44.70187533682722,-122.1977382672501,0.7071123876483254
2020-09-09,44.69594645595203,-122.24139639005833,2.3397499227954093
2020-09-09,44.72666883866892,-122.171327797897,0.7135425372348256
2020-09-09,44.68840060756543,-122.20420613729576,0.7040076710420453
2020-09-09,44.716967033600426,-122.15515812278284,0.7320451284927779
2020-09-09,44.69379049927014,-122.20797906148908,0.6837703251199444
2020-09-09,44.70564826102052,-122.18695848384068,0.7361911737724209
2020-09-09,44.73044176286222,-122.1637819495104,0.7055043172059334
2020-09-09,44.72235692530514,-122.14976823107811,0.7103713094678903
2020-09-09,44.70618725019099,-122.23546750918312,0.6659009130988589
2020-09-09,44.69486847761109,-122.20205018061388,0.7038487585537452
2020-09-09,44.69594645595203,-122.20582310480718,0.6943989588172846
2020-09-09,44.69325151009967,-122.20690108314813,0.682933056067242
2020-09-09,44.73475367622599,-122.1616259928285,0.6659390395117296
2020-09-09,44.72073995779373,-122.15623610112378,0.7179983494660352
2020-09-09,44.72020096862326,-122.18102960296548,0.6738229077335425
2020-09-09,44.696485445122505,-122.20366714812528,0.6958456305895453
2020-09-09,44.72936378452128,-122.171327797897,0.8687320366236727
2020-09-09,44.725051871157504,-122.18210758130644,1.0219883877433589
2020-09-09,44.72666883866892,-122.1691718412151,0.7130888961326977
2020-09-09,44.70349230433864,-122.24085740088783,0.6438254684087799
2020-09-09,44.716967033600426,-122.2451693142516,0.7018828950732314
2020-09-09,44.71804501194137,-122.18210758130644,0.7025630099458683
2020-09-09,44.72936378452128,-122.15839205780568,0.9176357219894877
2020-09-09,44.73475367622599,-122.15947003614662,0.6850934457528485
2020-09-09,44.69810241263392,-122.237623465865,0.9789219474554585
2020-09-09,44.737448622078354,-122.1600090253171,0.6873388389641985
2020-09-09,44.69918039097486,-122.2451693142516,0.6757156048809795
2020-09-09,44.71427208774807,-122.2451693142516,0.6969876913235628
2020-09-09,44.712655120236654,-122.18480252715878,0.6926317166310061
2020-09-09,44.72720782783939,-122.16593790619228,0.7302697354607365
2020-09-09,44.7137330985776,-122.18102960296548,0.7294828508215275
2020-09-09,44.70079735848628,-122.23115559581936,0.6647351654199078
2020-09-09,44.72073995779373,-122.15246317693048,0.7162566696490066
2020-09-09,44.69971938014533,-122.23331155250123,0.6454459327004667
2020-09-09,44.722895914475615,-122.17995162462454,0.6997576599441148
2020-09-09,44.68624465088354,-122.1977382672501,0.677077345061409
2020-09-09,44.69325151009967,-122.21013501817096,0.6822895641185321
2020-09-09,44.72666883866892,-122.14222238269151,0.689272079959867
2020-09-09,44.72666883866892,-122.15677509029426,0.733030803913174
2020-09-09,44.70780421770241,-122.24031841171735,0.7011526295619571
2020-09-09,44.694329488440616,-122.21282996402331,0.6801067788151882
2020-09-09,44.69379049927014,-122.2133689531938,0.6791708782020333
2020-09-09,44.68085475917882,-122.19504332139776,0.9652401443917221
2020-09-09,44.675464867474105,-122.19719927807964,1.0353500918901433
2020-09-09,44.69055656424732,-122.2112129965119,0.6866203508632608
2020-09-09,44.70888219604336,-122.19073140803395,0.7393791574608302
2020-09-09,44.710499163554765,-122.18426353798831,0.7020713845569542
2020-09-09,44.692173531758726,-122.25325415180868,0.6767017789687166
2020-09-09,44.71427208774807,-122.17456173291984,0.7081151269376
2020-09-09,44.731519741203165,-122.16485992785134,0.690761321061417
2020-09-09,44.7137330985776,-122.1653989170218,0.6845463997873462
2020-09-09,44.714811076918544,-122.1653989170218,0.7249200135848258
2020-09-09,44.714811076918544,-122.24409133591068,0.7022307413286957
2020-09-09,44.70349230433864,-122.23708447669456,0.6486264325264438
2020-09-09,44.704570282679576,-122.1977382672501,0.7103002597861948
2020-09-09,44.68354970503118,-122.19612129973868,0.6710223842793095
2020-09-09,44.68085475917882,-122.1939653430568,0.6840872364910591
2020-09-09,44.68786161839496,-122.20312815895484,0.70462216303682
2020-09-09,44.69486847761109,-122.21390794236426,0.6756754717536575
2020-09-09,44.70025836931581,-122.24139639005833,0.660529645285298
2020-09-09,44.7099601743843,-122.1729447654084,0.6952467964018421
2020-09-09,44.715350066089016,-122.1826465704769,0.7105310360589584
2020-09-09,44.71427208774807,-122.171327797897,0.708408119966686
2020-09-09,44.7175060227709,-122.12982563177069,0.6888453585598641
2020-09-09,44.72720782783939,-122.14869025273718,0.6969183981030246
2020-09-09,44.710499163554765,-122.17456173291984,0.696550197942204
2020-09-09,44.71588905525949,-122.25163718429728,0.9781316522390778
2020-09-09,44.69756342346345,-122.20258916978436,0.6990495813506411
2020-09-09,44.69971938014533,-122.20797906148908,0.6981099699020744
2020-09-09,44.70025836931581,-122.2435523467402,0.6708911644858251
2020-09-09,44.72181793613468,-122.15947003614662,1.1531402757392848
2020-09-09,44.70133634765675,-122.1901924188635,0.7063620291232374
2020-09-09,44.716428044429954,-122.24570830342208,0.7064847903300325
2020-09-09,44.71966197945279,-122.17941263545409,0.6741074201015884
2020-09-09,44.69810241263392,-122.19504332139776,0.7129227994430025
2020-09-09,44.704570282679576,-122.23708447669456,0.6507238523423824
2020-09-09,44.71103815272524,-122.18049061379502,0.6862075274494048
2020-09-09,44.69379049927014,-122.25217617346776,0.6769477419124932
2020-09-09,44.715350066089016,-122.24678628176304,2.0803916605161565
2020-09-09,44.731519741203165,-122.16324296033991,0.6901109604872779
2020-09-09,44.70079735848628,-122.23870144420596,0.6511967906592203
2020-09-09,44.71804501194137,-122.12659169674784,0.9665104888531815
2020-09-09,44.69001757507685,-122.2133689531938,0.6882981518830014
2020-09-09,44.71966197945279,-122.24463032508116,0.8923995797657066
2020-09-09,44.737987611248826,-122.15839205780568,0.6556032803975214
2020-09-09,44.70187533682722,-122.18965342969304,0.7052105774091559
2020-09-09,44.706726239361466,-122.23438953084218,0.6967667300575733
2020-09-09,44.69756342346345,-122.19288736471586,0.7116147206458309
2020-09-09,44.70942118521383,-122.18372454881784,0.7050391434770193
2020-09-09,44.70025836931581,-122.23816245503548,0.6502072174836323
2020-09-09,44.712655120236654,-122.1729447654084,0.6912880984108181
2020-09-09,44.72343490364609,-122.13737148015728,1.6489687511907356
2020-09-09,44.69756342346345,-122.20312815895484,0.7027957736757773
2020-09-09,44.69864140180439,-122.20636209397766,0.7004100359081198
2020-09-09,44.73044176286222,-122.16863285204464,0.7892834653265758
2020-09-09,44.70510927185005,-122.18534151632926,0.7263989163924857
2020-09-09,44.71588905525949,-122.17402274374936,0.9532793012434956
2020-09-09,44.70025836931581,-122.23924043337642,0.6558993685826304
2020-09-09,44.721278946964205,-122.15354115527144,0.7127984679572338
2020-09-09,44.71588905525949,-122.18588050549972,0.7115071869623824
2020-09-09,44.69971938014533,-122.20043321310249,0.6977937206159407
2020-09-09,44.71103815272524,-122.18156859213596,0.6969252251954802
2020-09-09,44.73044176286222,-122.15839205780568,0.7947540661493223
2020-09-09,44.70187533682722,-122.19935523476153,0.6966906965137502
2020-09-09,44.71912299028232,-122.13252057762304,0.9874498008173153
2020-09-09,44.69594645595203,-122.19450433222728,1.6871596991375377
2020-09-09,44.73259771954411,-122.1637819495104,0.6731836344767459
2020-09-09,44.69325151009967,-122.21067400734142,0.6815579375913087
2020-09-09,44.714811076918544,-122.1901924188635,0.7013891596324029
2020-09-09,44.72666883866892,-122.15893104697616,0.7117347048087769
2020-09-09,44.722895914475615,-122.18534151632926,0.9247397863606828
2020-09-09,44.70025836931581,-122.23870144420596,0.6546690763125561
2020-09-09,44.684088694201655,-122.19881624559105,2.2990824624428434
2020-09-09,44.725051871157504,-122.17779566794266,0.698075032841186
2020-09-09,44.68947858590637,-122.20312815895484,0.7040029314939741
2020-09-09,44.71319410940713,-122.18695848384068,0.7065248355307998
2020-09-09,44.696485445122505,-122.20205018061388,0.6992845652212808
2020-09-09,44.725051871157504,-122.13952743683916,0.6984262275105653
2020-09-09,44.72936378452128,-122.1670158845332,0.7140927915363439
2020-09-09,44.721278946964205,-122.24786426010398,0.692104246344083
2020-09-09,44.725590860327976,-122.16324296033991,0.7352451591416461
2020-09-09,44.72397389281656,-122.18480252715878,0.7825164930914794
2020-09-09,44.73690963290788,-122.15623610112378,1.580740581125158
2020-09-09,44.69864140180439,-122.24463032508116,0.6785724342554764
2020-09-09,44.722895914475615,-122.17240577623794,0.6970784518712296
2020-09-09,44.706726239361466,-122.17671768960172,1.0509204222477402
2020-09-09,44.72343490364609,-122.17348375457888,0.6942563063129332
2020-09-09,44.73421468705553,-122.1616259928285,0.6587304577025934
2020-09-09,44.71912299028232,-122.18534151632926,0.6922555175494636
2020-09-09,44.733675697885054,-122.16432093868086,0.7277755373999832
2020-09-09,44.70133634765675,-122.23870144420596,0.6501031873474696
2020-09-09,44.712655120236654,-122.19073140803395,0.7150669199323164
2020-09-09,44.72720782783939,-122.14168339352103,0.800291818011273
2020-09-09,44.70888219604336,-122.18534151632926,0.6980475280920698
2020-09-09,44.67923779166741,-122.19073140803395,0.6790172087969595
2020-09-09,44.72073995779373,-122.18426353798831,0.6917249075282689
2020-09-09,44.71211613106618,-122.18965342969304,0.7237072363340032
2020-09-09,44.72397389281656,-122.1540801444419,0.7048847836849134
2020-09-09,44.725590860327976,-122.16593790619228,0.7405897054853535
2020-09-09,44.72720782783939,-122.17563971126076,0.8485817224200172
2020-09-09,44.7137330985776,-122.17078880872651,0.7089583300410724
2020-09-09,44.72451288198703,-122.18049061379502,0.7015860492058099
2020-09-09,44.69810241263392,-122.22199277992134,1.5242231224133882
2020-09-09,44.72666883866892,-122.15731407946473,0.7087032685990814
2020-09-09,44.712655120236654,-122.16270397116944,0.6908860150968082
2020-09-09,44.70834320687288,-122.17671768960172,0.7054022358969607
2020-09-09,44.70133634765675,-122.2397794225469,0.6511195559520093
2020-09-09,44.737448622078354,-122.16054801448756,1.2253447307529346
2020-09-09,44.727746817009866,-122.15677509029426,0.9383603086446745
2020-09-09,44.716428044429954,-122.1600090253171,0.7048587863425165
2020-09-09,44.71588905525949,-122.1670158845332,0.683257511118387
2020-09-09,44.67600385664458,-122.19666028890916,0.7117289179382679
2020-09-09,44.706726239361466,-122.19127039720443,0.7366748341506256
2020-09-09,44.721278946964205,-122.15461913361236,0.7163531255791259
2020-09-09,44.71912299028232,-122.16108700365804,0.7329232362548367
2020-09-09,44.69864140180439,-122.24247436839926,0.678735872865017
2020-09-09,44.716428044429954,-122.16054801448756,0.7027140526912317
2020-09-09,44.71157714189571,-122.19127039720443,0.712668224592719
2020-09-09,44.725051871157504,-122.18534151632926,1.4239430090660015
2020-09-09,44.72020096862326,-122.24840324927445,0.695831119390304
2020-09-09,44.71211613106618,-122.1901924188635,0.7251037015658439
2020-09-09,44.71211613106618,-122.1670158845332,1.0216512475319812
2020-09-09,44.71858400111184,-122.18102960296548,0.6937545295005706
2020-09-09,44.715350066089016,-122.18426353798831,0.7250318705943504
2020-09-09,44.67869880249694,-122.1923483755454,0.673410922742679
2020-09-09,44.69702443429298,-122.20097220227294,0.7009065672561638
2020-09-09,44.72181793613468,-122.1729447654084,1.0102825199252217
2020-09-09,44.72343490364609,-122.18318555964736,0.7030199549584386
2020-09-09,44.716428044429954,-122.1675548737037,0.6810669522157647
2020-09-09,44.69540746678156,-122.19558231056824,0.7289976690753359
2020-09-09,44.70834320687288,-122.23708447669456,0.7115228395531311
2020-09-09,44.70726522853194,-122.18318555964736,0.7478392846850233
2020-09-09,44.727746817009866,-122.14707328522576,0.687435139017544
2020-09-09,44.70079735848628,-122.20528411563672,0.8815477834302821
2020-09-09,44.73205873037364,-122.1600090253171,0.6665118458978372
2020-09-09,44.70510927185005,-122.23438953084218,0.664066685881456
2020-09-09,44.70564826102052,-122.1885754513521,0.7234416856953354
2020-09-09,44.70618725019099,-122.1901924188635,0.721693807795571
2020-09-09,44.70834320687288,-122.23654548752408,0.7130807091526439
2020-09-09,44.70564826102052,-122.19180938637491,0.7175747054669562
2020-09-09,44.69486847761109,-122.2397794225469,1.4234253416949367
2020-09-09,44.722895914475615,-122.13413754513444,0.6947421520478569
2020-09-09,44.702953315168166,-122.1864194946702,0.6988153418239226
2020-09-09,44.70726522853194,-122.23816245503548,0.6905153337123221
2020-09-09,44.716967033600426,-122.15623610112378,0.7340719975572846
2020-09-09,44.69325151009967,-122.21282996402331,0.6821211819915066
2020-09-09,44.73583165456694,-122.15839205780568,0.6982362500674165
2020-09-09,44.71966197945279,-122.1864194946702,0.7995709605391016
2020-09-09,44.712655120236654,-122.171327797897,0.6943074978434819
2020-09-09,44.69864140180439,-122.20851805065952,0.6981714751686898
2020-09-09,44.72235692530514,-122.15084620941909,0.7114067112241393
2020-09-09,44.69971938014533,-122.23870144420596,1.8572303913655772
2020-09-09,44.72720782783939,-122.1653989170218,0.7324373164630897
2020-09-09,44.69379049927014,-122.21444693153472,0.6775142290690781
2020-09-09,44.69486847761109,-122.20043321310249,0.7072530914078221
2020-09-09,44.73475367622599,-122.16108700365804,0.6660472910717529
2020-09-09,44.69971938014533,-122.23115559581936,0.6596875089210259
2020-09-09,44.677620824156,-122.1901924188635,0.6863926353111076
2020-09-09,44.72073995779373,-122.17671768960172,0.6897438874282376
2020-09-09,44.706726239361466,-122.18156859213596,0.7355264035288068
2020-09-09,44.70187533682722,-122.20258916978436,0.6914679190402253
2020-09-09,44.70079735848628,-122.24247436839926,0.6619396853211476
2020-09-09,44.71588905525949,-122.15623610112378,0.7291245539468173
2020-09-09,44.72181793613468,-122.2494812276154,0.7010321935835702
2020-09-09,44.71319410940713,-122.1901924188635,0.7017591892070335
2020-09-09,44.722895914475615,-122.13575451264586,0.7042278842785192
2020-09-09,44.71966197945279,-122.18695848384068,0.8649974374866045
2020-09-09,44.7175060227709,-122.16485992785134,0.7060505853958533
2020-09-09,44.7175060227709,-122.15893104697616,0.7259455735015037
2020-09-09,44.70780421770241,-122.23654548752408,0.7119935591828307
2020-09-09,44.725051871157504,-122.16324296033991,0.7279515552106706
2020-09-09,44.72451288198703,-122.1389884476687,0.6983526208323736
2020-09-09,44.716967033600426,-122.17941263545409,0.717599860330355
2020-09-09,44.69756342346345,-122.21282996402331,0.6953758420574068
2020-09-09,44.71319410940713,-122.17456173291984,0.6978894832201868
2020-09-09,44.70942118521383,-122.1939653430568,0.7301378692715692
2020-09-09,44.69540746678156,-122.2209148015804,0.6583454621710053
2020-09-09,44.710499163554765,-122.1729447654084,0.6911898948046976
2020-09-09,44.70349230433864,-122.18534151632926,0.7216834878248796
2020-09-09,44.69163454258826,-122.21552490987568,0.6935019792154324
2020-09-09,44.70780421770241,-122.18372454881784,0.7668383428799329
2020-09-09,44.69540746678156,-122.21606389904616,0.6759366108254407
2020-09-09,44.6927125209292,-122.20690108314813,0.6853703801583144
2020-09-09,44.70187533682722,-122.1880364621816,0.7149951200858152
2020-09-09,44.7175060227709,-122.1292866426002,0.6924735530504711
2020-09-09,44.70403129350911,-122.23438953084218,0.6592609988390766
2020-09-09,44.73205873037364,-122.16324296033991,0.6783290666969527
2020-09-09,44.69594645595203,-122.21983682323943,0.6566678952208443
2020-09-09,44.70726522853194,-122.237623465865,0.690901135715775
2020-09-09,44.70564826102052,-122.18210758130644,0.7125812766819142
2020-09-09,44.722895914475615,-122.2494812276154,1.2731646609891485
2020-09-09,44.67815981332647,-122.19342635388634,1.8600162346825042
2020-09-09,44.696485445122505,-122.24786426010398,0.6789885043522722
2020-09-09,44.72612984949845,-122.14707328522576,0.6863104460682402
2020-09-09,44.68624465088354,-122.20043321310249,0.6766017909632417
2020-09-09,44.71319410940713,-122.16647689536276,0.7056473433241768
2020-09-09,44.70510927185005,-122.18588050549972,0.7368842069220888
2020-09-09,44.71319410940713,-122.1880364621816,0.7124728065214608
2020-09-09,44.725590860327976,-122.16432093868086,0.7403814623167958
2020-09-09,44.71912299028232,-122.18102960296548,0.6864541224133611
2020-09-09,44.70403129350911,-122.1923483755454,0.7065263979178571
2020-09-09,44.71319410940713,-122.17563971126076,0.6855990410289616
2020-09-09,44.7099601743843,-122.1923483755454,0.730510789758906
2020-09-09,44.72666883866892,-122.17402274374936,0.7311908789907701
2020-09-09,44.70780421770241,-122.1901924188635,0.7286755464608252
2020-09-09,44.70403129350911,-122.19719927807964,0.7046335394704363
2020-09-09,44.70888219604336,-122.18911444052256,0.7237169601354383
2020-09-09,44.714811076918544,-122.17725667877218,0.7037024822753308
2020-09-09,44.71157714189571,-122.19288736471586,0.8923385858115073
2020-09-09,44.737987611248826,-122.15947003614662,0.6593728634413413
2020-09-09,44.71427208774807,-122.24624729259256,0.6935983423090823
2020-09-09,44.70349230433864,-122.23385054167171,0.6545341039872095
2020-09-09,44.7137330985776,-122.16270397116944,0.682218110027755
2020-09-09,44.7099601743843,-122.17348375457888,0.6956293046402768
2020-09-09,44.6927125209292,-122.21929783406898,0.6746304189433218
2020-09-09,44.72397389281656,-122.15515812278284,0.7080573985587794
2020-09-09,44.70942118521383,-122.17725667877218,0.6997454889454682
2020-09-09,44.70133634765675,-122.19612129973868,0.709594207867618
2020-09-09,44.72612984949845,-122.14869025273718,0.6943909023179694
2020-09-09,44.694329488440616,-122.20312815895484,0.7015613512921651
2020-09-09,44.73044176286222,-122.16216498199896,0.7020321790369882
2020-09-09,44.716428044429954,-122.24463032508116,0.7022839431957716
2020-09-09,44.69810241263392,-122.20420613729576,0.6940400377621173
2020-09-09,44.71858400111184,-122.17995162462454,0.6878653452972127
2020-09-09,44.69702443429298,-122.22307075826228,0.6700118641574655
2020-09-09,44.702953315168166,-122.23492852001266,0.6470348158956505
2020-09-09,44.712655120236654,-122.1616259928285,0.6969099889854387
2020-09-09,44.715350066089016,-122.1729447654084,0.7125714499250129
2020-09-09,44.721278946964205,-122.17941263545409,0.6949281249309402
2020-09-09,44.68786161839496,-122.20097220227294,0.6959211074426706
2020-09-09,44.73205873037364,-122.16108700365804,0.6698255168144968
2020-09-09,44.73205873037364,-122.16485992785134,0.6782431580440296
2020-09-09,44.69810241263392,-122.21013501817096,0.699321772167258
2020-09-09,44.7385266004193,-122.1600090253171,1.3136837688316725
2020-09-09,44.69918039097486,-122.24301335756974,0.6735139091512554
2020-09-09,44.71103815272524,-122.24031841171735,0.7043582974559539
2020-09-09,44.72451288198703,-122.1729447654084,0.7113606971099041
2020-09-09,44.716428044429954,-122.18426353798831,0.7068802303473672
2020-09-09,44.69971938014533,-122.20258916978436,0.6890756481127857
2020-09-09,44.714811076918544,-122.1616259928285,0.7025621794945472
2020-09-09,44.696485445122505,-122.20582310480718,0.6961135261463621
2020-09-09,44.725051871157504,-122.14599530688484,0.6945241170941913
2020-09-09,44.71103815272524,-122.18102960296548,0.6882821182593688
2020-09-09,44.7175060227709,-122.15677509029426,0.7299243083776704
2020-09-09,44.722895914475615,-122.1540801444419,0.705214860913415
2020-09-09,44.71211613106618,-122.23924043337642,0.7130358978632807
2020-09-09,44.7175060227709,-122.2435523467402,0.7118257102583305
2020-09-09,44.69756342346345,-122.24624729259256,0.6798187067138368
2020-09-09,44.681393748349294,-122.19180938637491,1.3733909562839828
2020-09-09,44.7288247953508,-122.16216498199896,0.7160476779753353
2020-09-09,44.69971938014533,-122.23061660664888,0.663413074892854
2020-09-09,44.71103815272524,-122.18749747301116,0.7160908303810857
2020-09-09,44.70564826102052,-122.17941263545409,2.324998687830946
2020-09-09,44.710499163554765,-122.17186678706749,0.7007956263877709
2020-09-09,44.702953315168166,-122.23331155250123,0.6461704396373689
2020-09-09,44.70726522853194,-122.17725667877218,0.7071264396601848
2020-09-09,44.72451288198703,-122.16863285204464,0.7412511640202456
2020-09-09,44.68840060756543,-122.19935523476153,0.6893815842063836
2020-09-09,44.69379049927014,-122.20582310480718,0.6860671007389995
2020-09-09,44.6889395967359,-122.20420613729576,0.6912433246778785
2020-09-09,44.7099601743843,-122.23708447669456,0.7121310875203316
2020-09-09,44.7175060227709,-122.1826465704769,0.7055579910251859
2020-09-09,44.69486847761109,-122.25055920595634,0.6756782230852466
2020-09-09,44.696485445122505,-122.20690108314813,0.6983726837602756
2020-09-09,44.72451288198703,-122.15300216610096,0.7018570315183451
2020-09-09,44.702414325997694,-122.19127039720443,0.7267162821734083
2020-09-09,44.68085475917882,-122.19288736471586,0.6781954941008187
2020-09-09,44.716967033600426,-122.2510981951268,1.046584951339455
2020-09-09,44.716428044429954,-122.16863285204464,0.6849586657809482
2020-09-09,44.70403129350911,-122.18749747301116,0.7211015594295674
2020-09-09,44.69971938014533,-122.19127039720443,0.7176643897928732
2020-09-09,44.69971938014533,-122.20151119144342,0.7003706380953594
2020-09-09,44.72451288198703,-122.14922924190763,0.6976590832099948
2020-09-09,44.69594645595203,-122.25163718429728,1.3564089530859538
2020-09-09,44.67708183498552,-122.18965342969304,1.6752722741054715
2020-09-09,44.72990277369175,-122.16485992785134,0.7066507615946188
2020-09-09,44.716428044429954,-122.16647689536276,0.6939787814394713
2020-09-09,44.69810241263392,-122.19450433222728,0.7107303004482041
2020-09-09,44.70187533682722,-122.18749747301116,0.7142170196964123
2020-09-09,44.72397389281656,-122.17456173291984,0.6990309925821192
2020-09-09,44.70349230433864,-122.1901924188635,0.7232978874375695
2020-09-09,44.731519741203165,-122.16270397116944,0.6893496389701683
2020-09-09,44.6927125209292,-122.25217617346776,0.6724782563492157
2020-09-09,44.71912299028232,-122.13198158845256,0.9425258405285007
2020-09-09,44.7175060227709,-122.17833465711313,0.7011552313632881
2020-09-09,44.70564826102052,-122.1864194946702,0.7349590841500161
2020-09-09,44.7099601743843,-122.1880364621816,0.7105368374507048
2020-09-09,44.72020096862326,-122.15300216610096,0.7172831669209507
2020-09-09,44.69756342346345,-122.19180938637491,0.7191751250623114
2020-09-09,44.72181793613468,-122.17941263545409,0.6859650912826095
2020-09-09,44.69055656424732,-122.20636209397766,0.6897940981739055
2020-09-09,44.727746817009866,-122.15839205780568,0.7064474597474265
2020-09-09,44.716967033600426,-122.16809386287416,1.1212761482453215
2020-09-09,44.70942118521383,-122.1880364621816,0.6966333895364822
2020-09-09,44.71319410940713,-122.17617870043124,0.6844509410541731
2020-09-09,44.725051871157504,-122.14006642600964,0.6966279938206872
2020-09-09,44.71804501194137,-122.18588050549972,0.6829817268544158
2020-09-09,44.725051871157504,-122.1503072202486,0.6931471805599453
2020-09-09,44.715350066089016,-122.17348375457888,0.7172212124118335
2020-09-09,44.69864140180439,-122.23061660664888,0.6426855539824745
2020-09-09,44.71966197945279,-122.24840324927445,0.6971279843181997
2020-09-09,44.70834320687288,-122.18695848384068,0.7466879474879753
2020-09-09,44.67815981332647,-122.1901924188635,0.6855769206201473
2020-09-09,44.70726522853194,-122.19558231056824,0.7042261070209263
2020-09-09,44.7137330985776,-122.19180938637491,0.8453749509580544
2020-09-09,44.69810241263392,-122.2435523467402,0.6790994322961679
2020-09-09,44.716428044429954,-122.16485992785134,0.6873931825077911
2020-09-09,44.694329488440616,-122.19881624559105,1.6697445186650914
2020-09-09,44.69810241263392,-122.18911444052256,0.7322960507618873
2020-09-09,44.714811076918544,-122.15947003614662,0.7016250733422431
2020-09-09,44.72828580618033,-122.1675548737037,0.7177685862202091
2020-09-09,44.70403129350911,-122.23654548752408,0.6476820646951859
2020-09-09,44.706726239361466,-122.17941263545409,0.7248999939569197
2020-09-09,44.69486847761109,-122.2187588448985,0.6623409781867637
2020-09-09,44.702414325997694,-122.1923483755454,0.7196632499340566
2020-09-09,44.72343490364609,-122.15461913361236,0.706086260719022
2020-09-09,44.72451288198703,-122.13952743683916,0.699466904195663
2020-09-09,44.71157714189571,-122.23708447669456,2.4090463242280573
2020-09-09,44.70187533682722,-122.20312815895484,0.8376176998016791
2020-09-09,44.70834320687288,-122.1864194946702,0.7502972376327929
2020-09-09,44.72990277369175,-122.16971083038558,0.7085704308846377
2020-09-09,44.70780421770241,-122.2360064983536,0.7132718560856305
2020-09-09,44.69055656424732,-122.21390794236426,0.6948292667429302
2020-09-09,44.69918039097486,-122.24570830342208,0.6777057903441362
2020-09-09,44.72020096862326,-122.17941263545409,0.6798031271859518
2020-09-09,44.7385266004193,-122.15947003614662,0.6612719720294964
2020-09-09,44.69594645595203,-122.21390794236426,0.6775078984436517
2020-09-09,44.69001757507685,-122.20097220227294,0.7443310597715019
2020-09-09,44.70888219604336,-122.19504332139776,0.8677750667457
2020-09-09,44.7137330985776,-122.1691718412151,0.6990502194862235
2020-09-09,44.721278946964205,-122.17779566794266,0.6803282405339361
2020-09-09,44.69756342346345,-122.23654548752408,0.6540049534116685
2020-09-09,44.694329488440616,-122.22307075826228,0.662645254158582
2020-09-09,44.72235692530514,-122.17510072209028,0.6935534919354817
2020-09-09,44.70726522853194,-122.23924043337642,0.6921199591034153
2020-09-09,44.702953315168166,-122.19180938637491,0.7154479132726603
2020-09-09,44.72235692530514,-122.1503072202486,0.7101453477968239
2020-09-09,44.70834320687288,-122.18156859213596,0.7587395940106308
2020-09-09,44.71588905525949,-122.2451693142516,0.6975454045890849
2020-09-09,44.69702443429298,-122.2225317690918,0.6696970987598508
2020-09-09,44.714811076918544,-122.24678628176304,2.7595206134588417
2020-09-09,44.702953315168166,-122.23546750918312,0.646162264870189
2020-09-09,44.73259771954411,-122.16324296033991,0.6743119558634347
2020-09-09,44.7288247953508,-122.16971083038558,0.7067269008551504
2020-09-09,44.71588905525949,-122.1691718412151,0.682128151046088
2020-09-09,44.722895914475615,-122.18049061379502,0.6915756768316028
2020-09-09,44.710499163554765,-122.24247436839926,0.7060424020563141
2020-09-09,44.73205873037364,-122.16054801448756,0.6707647289889387
2020-09-09,44.71804501194137,-122.18965342969304,1.1978040842146105
2020-09-09,44.72720782783939,-122.17078880872651,0.7191226669632058
2020-09-09,44.73690963290788,-122.1600090253171,0.6530914126400801
2020-09-09,44.716428044429954,-122.17833465711313,0.7430093476907128
2020-09-09,44.72397389281656,-122.17941263545409,0.7130321687306381
2020-09-09,44.712655120236654,-122.19127039720443,0.7076195712002146
2020-09-09,44.69756342346345,-122.24786426010398,0.6792408228572504
2020-09-09,44.715350066089016,-122.1864194946702,0.7075774453889742
2020-09-09,44.72936378452128,-122.16485992785134,0.7128066093379849
2020-09-09,44.71427208774807,-122.17941263545409,0.7184042550623837
2020-09-09,44.70079735848628,-122.1923483755454,0.7040064377032955
2020-09-09,44.71588905525949,-122.1616259928285,0.7077336944405647
2020-09-09,44.70942118521383,-122.23870144420596,0.7156622029275803
2020-09-09,44.72612984949845,-122.15515812278284,0.8895501344924835
2020-09-09,44.71588905525949,-122.24678628176304,1.1816670468116377
2020-09-09,44.72397389281656,-122.15084620941909,0.6985741691390153
2020-09-09,44.704570282679576,-122.24085740088783,0.6450809721160443
2020-09-09,44.694329488440616,-122.22522671494416,0.6622499399552972
2020-09-09,44.69594645595203,-122.2112129965119,0.6870135359194918
2020-09-09,44.69702443429298,-122.21552490987568,0.755730666861713
2020-09-09,44.69486847761109,-122.24085740088783,1.940795048388543
2020-09-09,44.70888219604336,-122.17833465711313,0.7010867791887062
2020-09-09,44.70187533682722,-122.2419353792288,0.6493105673546978
2020-09-09,44.70133634765675,-122.20258916978436,0.6931471805599453
2020-09-09,44.69540746678156,-122.20797906148908,0.6878280190823454
2020-09-09,44.696485445122505,-122.22522671494416,0.6535764176591786
2020-09-09,44.71912299028232,-122.15192418776002,0.7226780652270525
2020-09-09,44.72612984949845,-122.15893104697616,0.7137088391788874
2020-09-09,44.694329488440616,-122.2149859207052,0.6758879293087813
2020-09-09,44.67977678083789,-122.1939653430568,0.6850875447964674
2020-09-09,44.71804501194137,-122.16270397116944,0.7166339630786547
2020-09-09,44.692173531758726,-122.20205018061388,0.9537920826781854
2020-09-09,44.684088694201655,-122.19719927807964,0.6735585771817553
2020-09-09,44.69001757507685,-122.2149859207052,2.223132762194884
2020-09-09,44.710499163554765,-122.1901924188635,0.7096010436255509
2020-09-09,44.70780421770241,-122.17725667877218,0.7102290091155545
2020-09-09,44.70510927185005,-122.19612129973868,0.7102120724762916
2020-09-09,44.69864140180439,-122.22522671494416,0.9332402901879283
2020-09-09,44.7137330985776,-122.24247436839926,0.7061169509169694
2020-09-09,44.692173531758726,-122.21067400734142,0.68857748486988
2020-09-09,44.71103815272524,-122.17617870043124,0.6947909819037219
2020-09-09,44.70726522853194,-122.18911444052256,0.7301270099158437
2020-09-09,44.7099601743843,-122.19288736471586,0.7368378691846785
2020-09-09,44.714811076918544,-122.19127039720443,0.7873003673148992
2020-09-09,44.69001757507685,-122.20582310480718,0.6844104484188833
2020-09-09,44.72666883866892,-122.16054801448756,0.7631866246175679
2020-09-09,44.72073995779373,-122.15354115527144,0.7153834477299786
2020-09-09,44.721278946964205,-122.2473252709335,0.690696627959547
2020-09-09,44.72073995779373,-122.2473252709335,0.6987803230402896
2020-09-09,44.71858400111184,-122.1616259928285,0.7268385493300339
2020-09-09,44.73259771954411,-122.1653989170218,0.796537252230473
2020-09-09,44.692173531758726,-122.21390794236426,0.6853566455625989
2020-09-09,44.725590860327976,-122.1540801444419,0.6926154636335029
2020-09-09,44.72397389281656,-122.17348375457888,0.7027716533276435
2020-09-09,44.70780421770241,-122.23816245503548,0.7054568910372593
2020-09-09,44.70510927185005,-122.18426353798831,0.7109729645125458
2020-09-09,44.7175060227709,-122.24678628176304,0.6949663551566033
2020-09-09,44.7175060227709,-122.12659169674784,0.6922495510574284
2020-09-09,44.710499163554765,-122.23546750918312,1.894519203185824
2020-09-09,44.70079735848628,-122.22899963913748,0.6658366450549684
2020-09-09,44.7137330985776,-122.24085740088783,0.7105957011284657
2020-09-09,44.712655120236654,-122.1880364621816,0.7226745285124325
2020-09-09,44.71157714189571,-122.18102960296548,0.6887898751909896
2020-09-09,44.69540746678156,-122.21229097485283,0.6862092087840604
2020-09-09,44.70187533682722,-122.20043321310249,0.6988281337096519
2020-09-09,44.712655120236654,-122.17024981955603,0.7000907599555545
2020-09-09,44.71912299028232,-122.18426353798831,0.6913725572015769
2020-09-09,44.69756342346345,-122.20797906148908,0.7023827515930271
2020-09-09,44.69756342346345,-122.19666028890916,0.7083396596449956
2020-09-09,44.725051871157504,-122.1653989170218,0.7365219150085527
2020-09-09,44.72020096862326,-122.18480252715878,0.6793500522025284
2020-09-09,44.67654284581505,-122.1880364621816,2.5796850561152898
2020-09-09,44.72720782783939,-122.15893104697616,0.7113231089596567
2020-09-09,44.72990277369175,-122.15893104697616,0.6929291493806231
2020-09-09,44.69702443429298,-122.24894223844493,0.6772800249328622
2020-09-09,44.72181793613468,-122.1864194946702,0.6923347228307586
2020-09-09,44.725590860327976,-122.15354115527144,0.6918560247963255
2020-09-09,44.71966197945279,-122.13198158845256,0.6938084625263228
2020-09-09,44.69971938014533,-122.18965342969304,0.7282301246357211
2020-09-09,44.72828580618033,-122.1481512635667,1.269498774547198
2020-09-09,44.694329488440616,-122.20097220227294,0.7021736764059174
2020-09-09,44.7175060227709,-122.15947003614662,0.7255435349537009
2020-09-09,44.706726239361466,-122.2360064983536,0.703099532433749
2020-09-09,44.72343490364609,-122.1540801444419,0.7032554129239967
2020-09-09,44.70133634765675,-122.19073140803395,0.7134574089785845
2020-09-09,44.725051871157504,-122.1729447654084,0.7263351718134404
2020-09-09,44.72666883866892,-122.15354115527144,0.9117816035126551
2020-09-09,44.72828580618033,-122.16324296033991,0.7188316236808193
2020-09-09,44.73044176286222,-122.1691718412151,0.7838920109853821
2020-09-09,44.692173531758726,-122.2149859207052,0.690924683040592
2020-09-09,44.69702443429298,-122.2435523467402,0.6792924314795881
2020-09-09,44.714811076918544,-122.18749747301116,0.6936637094970494
2020-09-09,44.704570282679576,-122.19558231056824,0.7062333998599171
2020-09-09,44.72235692530514,-122.17563971126076,0.7008100533055144
2020-09-09,44.70079735848628,-122.24463032508116,1.2317095592975358
2020-09-09,44.69971938014533,-122.23492852001266,0.6325143328607703
2020-09-09,44.725051871157504,-122.16216498199896,0.814182251602706
2020-09-09,44.727746817009866,-122.142761371862,0.7971178419287175
2020-09-09,44.735292665396464,-122.15839205780568,0.7547159679329796
2020-09-09,44.69918039097486,-122.23546750918312,0.6380562848204014
2020-09-09,44.69486847761109,-122.20312815895484,0.710032798210632
2020-09-09,44.71966197945279,-122.25055920595634,0.6855104166639723
2020-09-09,44.69702443429298,-122.2322335741603,0.659897364373192
2020-09-09,44.69864140180439,-122.20582310480718,0.6982745204546654
2020-09-09,44.69540746678156,-122.20258916978436,0.702841819357932
2020-09-09,44.71858400111184,-122.18695848384068,0.6781495775442747
2020-09-09,44.70942118521383,-122.2397794225469,0.7115342288894234
2020-09-09,44.70025836931581,-122.22953862830794,0.6608106595627806
2020-09-09,44.72343490364609,-122.13791046932776,2.323137465947367
2020-09-09,44.69594645595203,-122.1977382672501,0.7176535907477678
2020-09-09,44.70079735848628,-122.20097220227294,0.6984974144285232
2020-09-09,44.73259771954411,-122.16270397116944,0.6747962018146864
2020-09-09,44.70888219604336,-122.17671768960172,0.6991749263574626
2020-09-09,44.71211613106618,-122.17456173291984,0.6884441269710649
2020-09-09,44.72666883866892,-122.13952743683916,0.9120141751068948
2020-09-09,44.71966197945279,-122.1826465704769,0.6734688042282824
2020-09-09,44.69325151009967,-122.25271516263822,0.6755226306579386
2020-09-09,44.71103815272524,-122.17510072209028,0.6862275778365338
2020-09-09,44.70349230433864,-122.18480252715878,0.7154128029526622
2020-09-09,44.70618725019099,-122.18911444052256,0.7276624927655424
2020-09-09,44.702414325997694,-122.23438953084218,0.6496443150323962
2020-09-09,44.7099601743843,-122.17671768960172,0.7029570450884933
2020-09-09,44.70510927185005,-122.1939653430568,0.7143817128359896
2020-09-09,44.714811076918544,-122.1864194946702,0.7054354993907509
2020-09-09,44.69756342346345,-122.22414873660324,0.6723242496054861
2020-09-09,44.69486847761109,-122.2209148015804,0.6625501724975089
2020-09-09,44.72235692530514,-122.17779566794266,0.6997063015436117
2020-09-09,44.71211613106618,-122.17402274374936,0.6895904220424852
2020-09-09,44.69756342346345,-122.21444693153472,1.3978964546724375
2020-09-09,44.69756342346345,-122.22738267162605,0.6679593958871608
2020-09-09,44.69486847761109,-122.22684368245558,0.8233307294147839
2020-09-09,44.71588905525949,-122.24624729259256,0.6993474314119441
2020-09-09,44.696485445122505,-122.21983682323943,0.671347299415978
2020-09-09,44.71966197945279,-122.17671768960172,0.812844092398613
2020-09-09,44.69864140180439,-122.23438953084218,0.6433772262080112
2020-09-09,44.70079735848628,-122.19935523476153,0.6999894554214837
2020-09-09,44.73044176286222,-122.16593790619228,0.6981602807929831
2020-09-09,44.72073995779373,-122.17995162462454,0.6909401613458399
2020-09-09,44.70079735848628,-122.23169458498982,0.6640767512947856
2020-09-09,44.72397389281656,-122.16863285204464,0.7406872243627043
2020-09-09,44.71211613106618,-122.18210758130644,0.6806006070655447
2020-09-09,44.73098075203269,-122.1675548737037,0.789016398832689
2020-09-09,44.71966197945279,-122.15192418776002,0.7181498128311675
2020-09-09,44.69540746678156,-122.22953862830794,1.8311205431086353
2020-09-09,44.70780421770241,-122.18426353798831,0.7665511201426384
2020-09-09,44.6927125209292,-122.25379314097916,0.7819426793430766
2020-09-09,44.725590860327976,-122.1616259928285,0.7245656940031255
2020-09-09,44.72720782783939,-122.142761371862,0.6920285640856882
2020-09-09,44.71804501194137,-122.15515812278284,0.733422713405855
2020-09-09,44.72990277369175,-122.15947003614662,0.6946875043324208
2020-09-09,44.69918039097486,-122.20959602900048,0.7029672267409206
2020-09-09,44.72020096862326,-122.15461913361236,0.7157946849323017
2020-09-09,44.70780421770241,-122.17240577623794,1.331015165395116
2020-09-09,44.72397389281656,-122.16647689536276,0.7481897583243126
2020-09-09,44.71588905525949,-122.16216498199896,0.7100441093883432
2020-09-09,44.6927125209292,-122.21390794236426,0.6911501754030092
2020-09-09,44.716428044429954,-122.18049061379502,0.7104439249342139
2020-09-09,44.72073995779373,-122.1826465704769,0.694458274053896
2020-09-09,44.69864140180439,-122.22360974743276,2.858726644661282
2020-09-09,44.69864140180439,-122.22738267162605,0.6690255336114113
2020-09-09,44.67708183498552,-122.1885754513521,0.7059999584509603
2020-09-09,44.68031577000835,-122.1939653430568,0.6871315709883076
2020-09-09,44.71103815272524,-122.19073140803395,0.7124720480529617
2020-09-09,44.725590860327976,-122.17779566794266,0.6989808221183761
2020-09-09,44.71157714189571,-122.1923483755454,0.7334385303343977
2020-09-09,44.70834320687288,-122.18210758130644,0.7505411854821784
2020-09-09,44.72235692530514,-122.17941263545409,0.6976232816243813
2020-09-09,44.715350066089016,-122.18534151632926,0.723657488623379
2020-09-09,44.70349230433864,-122.2360064983536,0.6492461980519637
2020-09-09,44.714811076918544,-122.18534151632926,0.7331375335186807
2020-09-09,44.69756342346345,-122.19935523476153,0.7029393214725174
2020-09-09,44.722895914475615,-122.17941263545409,0.7065775592167427
2020-09-09,44.69918039097486,-122.22899963913748,0.6639279711547793
2020-09-09,44.68947858590637,-122.20366714812528,0.7083260985072917
2020-09-09,44.715350066089016,-122.15731407946473,0.7273603719826043
2020-09-09,44.70618725019099,-122.18965342969304,0.7246864575809455
2020-09-09,44.716428044429954,-122.2435523467402,0.7109175805168282
2020-09-09,44.69486847761109,-122.20528411563672,0.6886408467454127
2020-09-09,44.72181793613468,-122.17510072209028,0.6931471805599453
2020-09-09,44.70133634765675,-122.20043321310249,0.6941946301162762
2020-09-09,44.715350066089016,-122.1670158845332,0.6824126142048051
2020-09-09,44.725051871157504,-122.13629350181633,1.2317467771397734
2020-09-09,44.71427208774807,-122.1864194946702,0.6986067027648443
2020-09-09,44.702414325997694,-122.19180938637491,0.7185699059077297
2020-09-09,44.72720782783939,-122.17510072209028,1.132574444567924
2020-09-09,44.72666883866892,-122.16270397116944,0.722873360825146
2020-09-09,44.68732262922448,-122.20205018061388,0.6965605414801382
2020-09-09,44.69540746678156,-122.20959602900048,0.6890358352498654
2020-09-09,44.73259771954411,-122.16593790619228,1.0276716808082194
2020-09-09,44.733675697885054,-122.1616259928285,0.6598296941878137
2020-09-09,44.67815981332647,-122.19666028890916,1.8746331686951447
2020-09-09,44.69971938014533,-122.2360064983536,0.6412546923425051
2020-09-09,44.721278946964205,-122.1540801444419,0.7147937537323288
2020-09-09,44.71858400111184,-122.18049061379502,0.6868342180637569
2020-09-09,44.692173531758726,-122.25271516263822,1.9197198168031222
2020-09-09,44.71804501194137,-122.12982563177069,0.6892252725573983
2020-09-09,44.716967033600426,-122.18480252715878,0.695015757870998
2020-09-09,44.69756342346345,-122.19827725642058,0.7051178575748286
2020-09-09,44.727746817009866,-122.14330036103246,0.689988429480883
2020-09-09,44.70834320687288,-122.17617870043124,0.7085339782034157
2020-09-09,44.694329488440616,-122.20043321310249,0.7064711939950569
2020-09-09,44.72666883866892,-122.17510072209028,0.7193678751870837
2020-09-09,44.702953315168166,-122.23438953084218,0.6491514813594196
2020-09-09,44.69810241263392,-122.1939653430568,0.7133096005842953
2020-09-09,44.702953315168166,-122.19127039720443,0.7261442071686001
2020-09-09,44.69486847761109,-122.25271516263822,1.984908087173329
2020-09-09,44.7137330985776,-122.18749747301116,0.6857670732623228
2020-09-09,44.70510927185005,-122.23492852001266,0.6598517354260406
2020-09-09,44.722895914475615,-122.13359855596396,0.6926910386006611
2020-09-09,44.70349230433864,-122.19719927807964,0.7131183796000099
2020-09-09,44.71966197945279,-122.15623610112378,0.7199928359604878
2020-09-09,44.73690963290788,-122.15677509029426,1.004202604197035
2020-09-09,44.68462768337213,-122.19935523476153,1.4448885253859434
2020-09-09,44.71157714189571,-122.18049061379502,0.6854124648630369
2020-09-09,44.710499163554765,-122.18534151632926,0.7111346065145178
2020-09-09,44.72397389281656,-122.14976823107811,0.7020061290271523
2020-09-09,44.712655120236654,-122.17078880872651,0.6935315249372346
2020-09-09,44.69918039097486,-122.20258916978436,0.6920314825751949
2020-09-09,44.702953315168166,-122.23385054167171,0.6490198199723533
2020-09-09,44.72181793613468,-122.13413754513444,0.6915514605048187
2020-09-09,44.70349230433864,-122.23277256333076,2.6869455216846734
2020-09-09,44.710499163554765,-122.1885754513521,0.7134802606823744
2020-09-09,44.70403129350911,-122.24085740088783,0.6434256055324576
2020-09-09,44.6927125209292,-122.21821985572804,0.6763111454063205
2020-09-09,44.69702443429298,-122.22576570411464,0.6580808063879708
2020-09-09,44.727746817009866,-122.17186678706749,0.7240912339124442
2020-09-09,44.70618725019099,-122.17941263545409,0.7453052235604196
2020-09-09,44.69109555341779,-122.20258916978436,0.6896429662693128
2020-09-09,44.69486847761109,-122.21552490987568,0.6716409753389818
2020-09-09,44.70564826102052,-122.18426353798831,0.7102337725040268
2020-09-09,44.73960457876024,-122.15731407946473,0.6554501885828254
2020-09-09,44.69918039097486,-122.1977382672501,0.7009687572015217
2020-09-09,44.69918039097486,-122.22630469328512,0.6811390309315487
2020-09-09,44.716428044429954,-122.15623610112378,0.7333904952806435
2020-09-09,44.71858400111184,-122.24409133591068,0.7203714247390803
2020-09-09,44.737987611248826,-122.15893104697616,0.6544229163252284
2020-09-09,44.70780421770241,-122.23708447669456,0.7083881036104627
2020-09-09,44.73637064373741,-122.15839205780568,0.7243387930379525
2020-09-09,44.68840060756543,-122.20528411563672,1.6446115266123675
2020-09-09,44.73313670871458,-122.1653989170218,0.850381902924165
2020-09-09,44.714811076918544,-122.16432093868086,0.7160095883650257
2020-09-09,44.72020096862326,-122.17725667877218,0.6806124004945299
2020-09-09,44.70079735848628,-122.199894223932,0.7034758077067133
2020-09-09,44.69540746678156,-122.22738267162605,0.6574915335711602
2020-09-09,44.721278946964205,-122.1788736462836,0.6960866300603279
2020-09-09,44.716428044429954,-122.1880364621816,0.6957204873229555
2020-09-09,44.716967033600426,-122.1880364621816,0.7141264786830294
2020-09-09,44.71912299028232,-122.15677509029426,0.7230471262556193
2020-09-09,44.71912299028232,-122.12874765342973,0.6896287049522686
2020-09-09,44.692173531758726,-122.20690108314813,0.6811736951445956
2020-09-09,44.70726522853194,-122.1826465704769,0.7435737628273703
2020-09-09,44.7099601743843,-122.18102960296548,0.6846625668513076
2020-09-09,44.72612984949845,-122.1729447654084,0.7221890342632808
2020-09-09,44.69810241263392,-122.23546750918312,0.6528128999621142
2020-09-09,44.69864140180439,-122.2360064983536,0.6529218701983814
2020-09-09,44.696485445122505,-122.23438953084218,2.32949254591397
2020-09-09,44.714811076918544,-122.17024981955603,0.6932844960424817
2020-09-09,44.710499163554765,-122.17240577623794,0.6979066068057839
2020-09-09,44.72235692530514,-122.17617870043124,0.7034789744773704
2020-09-09,44.704570282679576,-122.18480252715878,0.7148167428654443
2020-09-09,44.68354970503118,-122.19342635388634,0.6729945142988486
2020-09-09,44.70780421770241,-122.17617870043124,0.7088779811941975
2020-09-09,44.7137330985776,-122.17240577623794,0.6997388001421574
2020-09-09,44.70187533682722,-122.20151119144342,0.884893877813483
2020-09-09,44.70349230433864,-122.19073140803395,0.7165167251289742
2020-09-09,44.712655120236654,-122.18965342969304,0.719757144492263
2020-09-09,44.72612984949845,-122.13952743683916,0.6888669628683138
2020-09-09,44.71211613106618,-122.18534151632926,0.705518998332664
2020-09-09,44.67600385664458,-122.19558231056824,1.429832663134374
2020-09-09,44.71103815272524,-122.19342635388634,1.1422242547167327
2020-09-09,44.681932737519766,-122.19504332139776,0.6703138017087988
2020-09-09,44.71211613106618,-122.1675548737037,1.3277981544382822
2020-09-09,44.69702443429298,-122.19504332139776,0.7148137240950945
2020-09-09,44.69810241263392,-122.23169458498982,0.6446496689059146
2020-09-09,44.7137330985776,-122.17510072209028,0.704388580174066
2020-09-09,44.69325151009967,-122.22145379075086,0.95807226588911
2020-09-09,44.69810241263392,-122.20043321310249,0.6941556405031065
2020-09-09,44.715350066089016,-122.16054801448756,0.7004656956030113
2020-09-09,44.72343490364609,-122.1691718412151,0.7340298712654639
2020-09-09,44.70564826102052,-122.19450433222728,0.7245538772979847
2020-09-09,44.6927125209292,-122.2112129965119,0.6886912208777219
2020-09-09,44.72343490364609,-122.18156859213596,0.6912330601516226
2020-09-09,44.714811076918544,-122.1826465704769,0.7076646288675063
2020-09-09,44.725590860327976,-122.14761227439624,0.6925972767792472
2020-09-09,44.704570282679576,-122.1885754513521,0.7326964148236625
2020-09-09,44.71966197945279,-122.15947003614662,0.7245794347303613
2020-09-09,44.71804501194137,-122.16324296033991,0.7099966670805565
2020-09-09,44.706726239361466,-122.23708447669456,0.6918262435188153
2020-09-09,44.725051871157504,-122.1675548737037,0.7370143870844382
2020-09-09,44.7175060227709,-122.18318555964736,0.6989816819875098
2020-09-09,44.725051871157504,-122.16863285204464,0.7368440585478624
2020-09-09,44.72612984949845,-122.16216498199896,0.834125331830665
2020-09-09,44.69864140180439,-122.199894223932,0.6973642548375041
2020-09-09,44.71966197945279,-122.17995162462454,0.676886659688165
2020-09-09,44.71319410940713,-122.18534151632926,0.7103724868418244
2020-09-09,44.69918039097486,-122.23492852001266,0.6364265631516517
2020-09-09,44.69379049927014,-122.21714187738708,0.672649763783168
2020-09-09,44.70618725019099,-122.23924043337642,0.6628695889537776
2020-09-09,44.69971938014533,-122.24678628176304,0.7074672343346938
2020-09-09,44.725051871157504,-122.17024981955603,0.7336914358755264
2020-09-09,44.72612984949845,-122.14006642600964,0.6940774997264951
2020-09-09,44.704570282679576,-122.19612129973868,0.7028654300288667
2020-09-09,44.71588905525949,-122.1826465704769,0.7067548671685343
2020-09-09,44.712655120236654,-122.18911444052256,0.7164796599498525
2020-09-09,44.69756342346345,-122.23546750918312,0.6525119653604663
2020-09-09,44.71858400111184,-122.15461913361236,0.7290118001785837
2020-09-09,44.725051871157504,-122.1384494584982,0.6979004930555767
2020-09-09,44.69379049927014,-122.22522671494416,1.1810410628518888
2020-09-09,44.70133634765675,-122.23924043337642,0.6490376539886166
2020-09-09,44.72235692530514,-122.18049061379502,0.6883145857217363
2020-09-09,44.70942118521383,-122.23924043337642,0.711891580656913
2020-09-09,44.69918039097486,-122.18965342969304,0.7370621603412498
2020-09-09,44.73583165456694,-122.1600090253171,0.6673260938522418
2020-09-09,44.68301071586071,-122.19342635388634,0.6703890366999993
2020-09-09,44.69055656424732,-122.20366714812528,0.6846445313193049
2020-09-09,44.72181793613468,-122.15515812278284,0.7121403654912937
2020-09-09,44.72666883866892,-122.14114440435058,0.6892708489871905
2020-09-09,44.68786161839496,-122.199894223932,0.6933747377346672
2020-09-09,44.72397389281656,-122.17779566794266,0.7171143115323652
2020-09-09,44.69540746678156,-122.20636209397766,0.6899002427020313
2020-09-09,44.72020096862326,-122.1578530686352,0.7276616992939098
2020-09-09,44.7137330985776,-122.18156859213596,0.7299469290327656
2020-09-09,44.69971938014533,-122.19342635388634,0.7064154556885135
2020-09-09,44.71319410940713,-122.17510072209028,0.6915023392958267
2020-09-09,44.712655120236654,-122.16216498199896,0.6938499706654757
2020-09-09,44.72235692530514,-122.1788736462836,0.6927545360944597
2020-09-09,44.725590860327976,-122.1670158845332,0.7362469801836681
2020-09-09,44.69864140180439,-122.1880364621816,1.3464219698725133
2020-09-09,44.71103815272524,-122.17563971126076,0.6978882998588822
2020-09-09,44.70726522853194,-122.18210758130644,0.7412521263843971
2020-09-09,44.71912299028232,-122.17833465711313,0.6845195507530165
2020-09-09,44.722895914475615,-122.18372454881784,0.6940565667869548
2020-09-09,44.71804501194137,-122.25055920595634,1.1498345578061542
2020-09-09,44.721278946964205,-122.17833465711313,0.6824372058830679
2020-09-09,44.70888219604336,-122.18965342969304,0.7228472642242268
2020-09-09,44.70888219604336,-122.2419353792288,0.6999875124143409
2020-09-09,44.704570282679576,-122.23654548752408,0.6504181430264483
2020-09-09,44.69756342346345,-122.23061660664888,0.6514035246154859
2020-09-09,44.69702443429298,-122.21606389904616,0.6818250482901657
2020-09-09,44.70834320687288,-122.24085740088783,0.6985910801016942
2020-09-09,44.71588905525949,-122.17456173291984,1.8222286567028834
2020-09-09,44.71103815272524,-122.18911444052256,0.7029102411112951
2020-09-09,44.70618725019099,-122.18318555964736,0.7111384963211022
2020-09-09,44.71804501194137,-122.1637819495104,0.7111009841765409
2020-09-09,44.69163454258826,-122.20205018061388,1.0162590924538575
2020-09-09,44.69540746678156,-122.25002021678588,0.679349750900772
2020-09-09,44.704570282679576,-122.18210758130644,0.7384037721480662
2020-09-09,44.71157714189571,-122.17456173291984,0.688648534403156
2020-09-09,44.71427208774807,-122.1637819495104,0.7000523315986329
2020-09-09,44.68247172669024,-122.19504332139776,0.6702362793055462
2020-09-09,44.72235692530514,-122.15461913361236,0.7080102803453155
2020-09-09,44.706726239361466,-122.23654548752408,0.6970995545927887
2020-09-09,44.70780421770241,-122.17402274374936,0.9440637572342508
2020-09-09,44.71319410940713,-122.24570830342208,1.0017421397468116
2020-09-09,44.72828580618033,-122.15731407946473,0.778093060596434
2020-09-09,44.722895914475615,-122.17617870043124,0.706595473611811
2020-09-09,44.694329488440616,-122.22360974743276,0.6635816032276993
2020-09-09,44.69756342346345,-122.22037581240993,1.6757605553651729
2020-09-09,44.72397389281656,-122.17563971126076,0.7174915819994426
2020-09-09,44.68786161839496,-122.20420613729576,0.7019301050048056
2020-09-09,44.716967033600426,-122.24624729259256,0.7120418099290329
2020-09-09,44.69001757507685,-122.2112129965119,0.6851708972875894
2020-09-09,44.716967033600426,-122.24301335756974,0.7125348671223082
2020-09-09,44.706726239361466,-122.237623465865,0.6866040819710093
2020-09-09,44.702953315168166,-122.18588050549972,0.7019578102421002
2020-09-09,44.70133634765675,-122.20474512646624,2.2511346770726655
2020-09-09,44.69486847761109,-122.2225317690918,0.6588677992644983
2020-09-09,44.710499163554765,-122.23924043337642,0.7073878453125663
2020-09-09,44.69594645595203,-122.20797906148908,0.6888522562770646
2020-09-09,44.69486847761109,-122.2074400723186,0.6846744431405223
2020-09-09,44.7137330985776,-122.24031841171735,0.7102185744795635
2020-09-09,44.68947858590637,-122.20097220227294,0.6967876851494851
2020-09-09,44.696485445122505,-122.22738267162605,0.6641325106943293
2020-09-09,44.706726239361466,-122.19073140803395,0.7334210796978854
2020-09-09,44.716428044429954,-122.2510981951268,0.689779587526601
2020-09-09,44.72666883866892,-122.17348375457888,0.7302482099229092
2020-09-09,44.72343490364609,-122.15084620941909,0.7030826289895743
2020-09-09,44.684088694201655,-122.19342635388634,1.9038587938596572
2020-09-09,44.69594645595203,-122.19827725642058,0.7094321162966234
2020-09-09,44.677620824156,-122.19666028890916,1.3438763596730796
2020-09-09,44.69702443429298,-122.24678628176304,0.6734524312621525
2020-09-09,44.70834320687288,-122.19450433222728,0.7233708703030128
2020-09-09,44.72073995779373,-122.15461913361236,0.7192433098174175
2020-09-09,44.70079735848628,-122.19180938637491,0.7063795827689241
2020-09-09,44.71319410940713,-122.16593790619228,0.7000826812643458
2020-09-09,44.70942118521383,-122.18318555964736,0.7053630569663016
2020-09-09,44.67923779166741,-122.1901924188635,0.7627500871428322
2020-09-09,44.70079735848628,-122.2397794225469,0.6529210773144354
2020-09-09,44.71103815272524,-122.18426353798831,0.6937577930231991
2020-09-09,44.71588905525949,-122.15677509029426,0.7283006295377726
2020-09-09,44.72397389281656,-122.18210758130644,0.7180447321816724
2020-09-09,44.696485445122505,-122.23115559581936,0.6501653579862602
2020-09-09,44.712655120236654,-122.1885754513521,0.7213843507415555
2020-09-09,44.71912299028232,-122.24840324927445,0.691038710761601
2020-09-09,44.702414325997694,-122.19827725642058,0.7086680784654911
2020-09-09,44.716428044429954,-122.17024981955603,0.9626005309852551
2020-09-09,44.69001757507685,-122.21282996402331,0.6909481692285085
2020-09-09,44.69756342346345,-122.1923483755454,0.7116426410632787
2020-09-09,44.70510927185005,-122.19342635388634,0.7142417976999277
2020-09-09,44.716967033600426,-122.17779566794266,0.7501503992416714
2020-09-09,44.70834320687288,-122.18911444052256,0.7400674363442674
2020-09-09,44.73098075203269,-122.16593790619228,0.696659036671485
2020-09-09,44.71427208774807,-122.17563971126076,0.7051487365447087
2020-09-09,44.72235692530514,-122.15623610112378,0.7095538863705516
2020-09-09,44.71588905525949,-122.17240577623794,0.8302034270279035
2020-09-09,44.71912299028232,-122.15731407946473,0.7235446577443164
2020-09-09,44.71804501194137,-122.18156859213596,0.6902085948426163
2020-09-09,44.715350066089016,-122.18588050549972,0.7089518930185331
2020-09-09,44.69109555341779,-122.21282996402331,0.6969270102432616
2020-09-09,44.73313670871458,-122.15947003614662,0.6669567140920961
2020-09-09,44.72181793613468,-122.13467653430492,0.9670110697907219
2020-09-09,44.710499163554765,-122.18102960296548,0.6881509463824742
2020-09-09,44.69810241263392,-122.2225317690918,1.4806571225681757
2020-09-09,44.716428044429954,-122.24624729259256,0.7010929469534412
2020-09-09,44.69702443429298,-122.20851805065952,0.7010924120618354
2020-09-09,44.7175060227709,-122.25002021678588,0.681923182132877
2020-09-09,44.72181793613468,-122.1540801444419,0.7096979396665817
2020-09-09,44.69918039097486,-122.19180938637491,0.7256294507121174
2020-09-09,44.72720782783939,-122.14922924190763,0.6968473788162667
2020-09-09,44.70403129350911,-122.19180938637491,0.7036792499722644
2020-09-09,44.6927125209292,-122.20636209397766,0.6876801965563466
2020-09-09,44.72073995779373,-122.17617870043124,0.6890287340655158
2020-09-09,44.69756342346345,-122.20582310480718,0.711270432622257
2020-09-09,44.67815981332647,-122.18911444052256,1.5116114805158052
2020-09-09,44.71427208774807,-122.16108700365804,0.6993474969594977
2020-09-09,44.696485445122505,-122.20851805065952,0.7013476820962665
2020-09-09,44.715350066089016,-122.1675548737037,0.6881416083731784
2020-09-09,44.69702443429298,-122.23438953084218,0.6514882642430226
2020-09-09,44.692173531758726,-122.21714187738708,0.6814734327432319
2020-09-09,44.70079735848628,-122.20582310480718,1.5444498520666616
2020-09-09,44.72612984949845,-122.14114440435058,0.693607056401575
2020-09-09,44.72612984949845,-122.14168339352103,0.6929618409245338
2020-09-09,44.69540746678156,-122.24085740088783,1.0139696455140306
2020-09-09,44.69055656424732,-122.20959602900048,0.685444960197853
2020-09-09,44.69864140180439,-122.19342635388634,0.7095956509750556
2020-09-09,44.70187533682722,-122.24247436839926,1.0137326541186713
2020-09-09,44.702414325997694,-122.237623465865,0.6482922756233336
2020-09-09,44.70942118521383,-122.18588050549972,0.6961839275034192
2020-09-09,44.725051871157504,-122.17456173291984,0.7284729267939499
2020-09-09,44.716967033600426,-122.24678628176304,0.7072496555291365
2020-09-09,44.71912299028232,-122.24409133591068,0.7174160515053069
2020-09-09,44.69594645595203,-122.22684368245558,0.6550450515275466
2020-09-09,44.716967033600426,-122.16432093868086,0.6969156910763956
2020-09-09,44.72612984949845,-122.14491732854388,0.6892708800965996
2020-09-09,44.72451288198703,-122.14168339352103,2.3901767327760997
2020-09-09,44.694329488440616,-122.21606389904616,0.6671434174788153
2020-09-09,44.70403129350911,-122.18480252715878,0.7170868965543736
2020-09-09,44.70187533682722,-122.20205018061388,0.7180338611394111
2020-09-09,44.69163454258826,-122.21821985572804,1.9498705502714102
2020-09-09,44.725051871157504,-122.15515812278284,0.7042279243482573
2020-09-09,44.70618725019099,-122.19719927807964,0.7579981528795616
2020-09-09,44.72397389281656,-122.1384494584982,0.6968577599564809
2020-09-09,44.71588905525949,-122.1864194946702,0.7051438968475768
2020-09-09,44.72235692530514,-122.18588050549972,0.8414796621562162
2020-09-09,44.72397389281656,-122.16485992785134,0.7495531084734973
2020-09-09,44.69918039097486,-122.20797906148908,0.703731623364991
2020-09-09,44.71157714189571,-122.19180938637491,0.7146637848449932
2020-09-09,44.71858400111184,-122.15839205780568,0.728706482596432
2020-09-09,44.70564826102052,-122.19612129973868,0.7305899780437215
2020-09-09,44.72020096862326,-122.15138519858954,0.7177727988989139
2020-09-09,44.70942118521383,-122.17348375457888,0.703078688060862
2020-09-09,44.696485445122505,-122.19612129973868,0.7199430421443918
2020-09-09,44.69702443429298,-122.19827725642058,0.7049626320394462
2020-09-09,44.69486847761109,-122.22414873660324,0.6588187310956355
2020-09-09,44.70133634765675,-122.19827725642058,0.7057879487714634
2020-09-09,44.69810241263392,-122.24463032508116,0.681602491602986
2020-09-09,44.72828580618033,-122.1443783393734,0.7954776325008377
2020-09-09,44.69756342346345,-122.22576570411464,0.6620391656629023
2020-09-09,44.70187533682722,-122.20097220227294,0.6945984091757922
2020-09-09,44.716967033600426,-122.1616259928285,0.7006104080910334
2020-09-09,44.68570566171307,-122.20097220227294,1.73312938477665
2020-09-09,44.694329488440616,-122.25055920595634,2.7149527306649803
2020-09-09,44.727746817009866,-122.1578530686352,0.7704388548615918
2020-09-09,44.68947858590637,-122.20690108314813,0.6923601773150972
2020-09-09,44.716428044429954,-122.2473252709335,1.2327415886348092
2020-09-09,44.72397389281656,-122.1675548737037,0.7473290610059472
2020-09-09,44.69971938014533,-122.20097220227294,0.6991679368452256
2020-09-09,44.716967033600426,-122.12713068591832,0.6951237913171501
2020-09-09,44.70888219604336,-122.17725667877218,0.6941244589177166
2020-09-09,44.704570282679576,-122.19666028890916,0.7047602142976062
2020-09-09,44.72343490364609,-122.17779566794266,0.7198367818551157
2020-09-09,44.70888219604336,-122.23438953084218,0.7168269339294607
2020-09-09,44.725051871157504,-122.15300216610096,0.7034641475308776
2020-09-09,44.721278946964205,-122.13413754513444,0.7875714899387005
2020-09-09,44.69594645595203,-122.20258916978436,0.6970476099627766
2020-09-09,44.714811076918544,-122.17456173291984,0.724758316429875
2020-09-09,44.70133634765675,-122.19881624559105,0.7033535204869654
2020-09-09,44.72720782783939,-122.1675548737037,0.7216721989417326
2020-09-09,44.69810241263392,-122.22792166079653,0.6711682738411701
2020-09-09,44.70079735848628,-122.23492852001266,0.6467759633778231
2020-09-09,44.715350066089016,-122.18480252715878,0.7388141721731395
2020-09-09,44.716967033600426,-122.15677509029426,0.7340415425830881
2020-09-09,44.72720782783939,-122.1503072202486,0.7016222021832081
2020-09-09,44.69971938014533,-122.23816245503548,0.6465318269518655
2020-09-09,44.69918039097486,-122.20420613729576,0.6983623162390534
2020-09-09,44.725051871157504,-122.1670158845332,0.7391730029552275
2020-09-09,44.72720782783939,-122.16324296033991,0.7161366987846441
2020-09-09,44.71103815272524,-122.24139639005833,0.7066507615946188
2020-09-09,44.7175060227709,-122.1540801444419,1.8028706946531257
2020-09-09,44.72828580618033,-122.16809386287416,0.7135434028498666
2020-09-09,44.72073995779373,-122.1540801444419,0.7193354329214554
2020-09-09,44.71966197945279,-122.15461913361236,0.7187634514624336
2020-09-09,44.72612984949845,-122.14922924190763,0.6972120252983026
2020-09-09,44.725590860327976,-122.1406054151801,0.6944108326822446
2020-09-09,44.716967033600426,-122.18102960296548,0.7190893879855331
2020-09-09,44.72397389281656,-122.15677509029426,0.7141583531281654
2020-09-09,44.71427208774807,-122.1729447654084,0.7303418617673267
2020-09-09,44.68354970503118,-122.1939653430568,0.6713339477200498
2020-09-09,44.70726522853194,-122.23385054167171,0.7064431056800242
2020-09-09,44.696485445122505,-122.24840324927445,0.6808637498508594
2020-09-09,44.72235692530514,-122.17348375457888,0.6957060355897429
2020-09-09,44.70618725019099,-122.23654548752408,0.6714294656880654
2020-09-09,44.72397389281656,-122.17671768960172,0.718667115517111
2020-09-09,44.70888219604336,-122.17779566794266,0.6921484289163744
2020-09-09,44.69379049927014,-122.20366714812528,0.702426032455535
2020-09-09,44.70349230433864,-122.24031841171735,0.6511898069102838
2020-09-09,44.70834320687288,-122.1923483755454,0.720389690832231
2020-09-09,44.67977678083789,-122.19127039720443,1.0660228465691637
2020-09-09,44.71588905525949,-122.24570830342208,0.6976274205418236
2020-09-09,44.70780421770241,-122.237623465865,0.7095018546024858
2020-09-09,44.69918039097486,-122.24624729259256,0.6817126766078467
2020-09-09,44.704570282679576,-122.24031841171735,0.6423687876782112
2020-09-09,44.712655120236654,-122.1901924188635,0.7206599462820925
2020-09-09,44.71427208774807,-122.24085740088783,1.657896566572318
2020-09-09,44.702414325997694,-122.23061660664888,1.7906198679651215
2020-09-09,44.73475367622599,-122.16270397116944,0.7613554305864789
2020-09-09,44.725590860327976,-122.1389884476687,0.6954276832586707
2020-09-09,44.7099601743843,-122.17941263545409,0.6925545879500111
2020-09-09,44.72343490364609,-122.1675548737037,0.7438059726444409
2020-09-09,44.73960457876024,-122.15893104697616,0.7752951521689442
2020-09-09,44.725590860327976,-122.15138519858954,0.6996795388472912
2020-09-09,44.71157714189571,-122.17402274374936,0.6903954889271608
2020-09-09,44.696485445122505,-122.21390794236426,0.6874165058509603
2020-09-09,44.71804501194137,-122.18534151632926,0.6877053799334141
2020-09-09,44.725051871157504,-122.15138519858954,0.6993699759982144
2020-09-09,44.70888219604336,-122.18480252715878,0.7051153191108303
2020-09-09,44.69918039097486,-122.22576570411464,0.8316168548250507
2020-09-09,44.71804501194137,-122.18102960296548,0.6861337093800869
2020-09-09,44.72612984949845,-122.14761227439624,0.6899225271028363
2020-09-09,44.70780421770241,-122.17779566794266,0.713405469960847
2020-09-09,44.72020096862326,-122.13359855596396,1.254831221559427
2020-09-09,44.73583165456694,-122.15893104697616,0.6771468392135043
2020-09-09,44.73637064373741,-122.15677509029426,0.873187491456649
2020-09-09,44.70564826102052,-122.23924043337642,0.6563032440334386
2020-09-09,44.6927125209292,-122.25433213014963,1.9419239143874782
2020-09-09,44.692173531758726,-122.20636209397766,0.6812851712880836
2020-09-09,44.70942118521383,-122.23816245503548,0.7190788539134821
2020-09-09,44.70726522853194,-122.1939653430568,0.7209040645586092
2020-09-09,44.702414325997694,-122.2300776174784,2.6074757575649596
2020-09-09,44.67815981332647,-122.19180938637491,0.8007778447523108
2020-09-09,44.696485445122505,-122.2112129965119,0.6992074712692776
2020-09-09,44.70133634765675,-122.237623465865,0.6474341372089993
2020-09-09,44.71319410940713,-122.17348375457888,0.6939033242632694
2020-09-09,44.71588905525949,-122.24463032508116,0.6992619691330876
2020-09-09,44.722895914475615,-122.1729447654084,0.695400843714884
2020-09-09,44.721278946964205,-122.18049061379502,0.7038796545250037
2020-09-09,44.716967033600426,-122.2494812276154,0.6905346627457954
2020-09-09,44.69702443429298,-122.2112129965119,0.6975118005489982
2020-09-09,44.71588905525949,-122.18318555964736,0.7145949140373624
2020-09-09,44.72397389281656,-122.1389884476687,0.6962048618859482
2020-09-09,44.7137330985776,-122.17563971126076,0.7044738390637106
2020-09-09,44.72073995779373,-122.2451693142516,1.5773495978825998
2020-09-09,44.69702443429298,-122.23654548752408,2.4356356007812177
2020-09-09,44.712655120236654,-122.1923483755454,0.8600270582996877
2020-09-09,44.72451288198703,-122.17617870043124,0.7140883112851398
2020-09-09,44.727746817009866,-122.17510072209028,1.0343364070592973
2020-09-09,44.71427208774807,-122.17725667877218,0.7022338369646732
2020-09-09,44.71157714189571,-122.18156859213596,0.6915868369678476
2020-09-09,44.70079735848628,-122.20043321310249,0.7015768106392289
2020-09-09,44.73475367622599,-122.1578530686352,1.3441828757697638
2020-09-09,44.70079735848628,-122.20151119144342,0.6927135292088303
2020-09-09,44.696485445122505,-122.2494812276154,0.6797971677044664
2020-09-09,44.7137330985776,-122.1675548737037,0.703247558055252
2020-09-09,44.69001757507685,-122.20151119144342,0.6898943895878058
2020-09-09,44.69810241263392,-122.20097220227294,0.6959699679590606
2020-09-09,44.72343490364609,-122.18588050549972,0.9499196317616585
2020-09-09,44.702414325997694,-122.23115559581936,1.1844907778057479
2020-09-09,44.69486847761109,-122.21175198568235,0.679925699446665
2020-09-09,44.71157714189571,-122.23816245503548,0.7112575275130797
2020-09-09,44.714811076918544,-122.17833465711313,0.7129614341408296
2020-09-09,44.73098075203269,-122.16432093868086,0.6954705759736521
2020-09-09,44.7099601743843,-122.17995162462454,0.6931471805599453
2020-09-09,44.72936378452128,-122.1600090253171,0.7007964612473538
2020-09-09,44.69325151009967,-122.2133689531938,0.6847225309006937
2020-09-09,44.68947858590637,-122.20582310480718,0.691369612988732
2020-09-09,44.70726522853194,-122.1880364621816,0.7243692288213053
2020-09-09,44.72666883866892,-122.142761371862,0.6914640513146547
2020-09-09,44.68840060756543,-122.20151119144342,0.6857130524237712
2020-09-09,44.69918039097486,-122.23385054167171,0.634989672066344
2020-09-09,44.72181793613468,-122.15839205780568,1.189867272766412
2020-09-09,44.7137330985776,-122.2397794225469,1.782619397288657
2020-09-09,44.71319410940713,-122.19073140803395,0.6958669250971172
2020-09-09,44.716967033600426,-122.1670158845332,0.798826116854119
2020-09-09,44.71211613106618,-122.1826465704769,0.6859467828868365
2020-09-09,44.71211613106618,-122.18911444052256,0.7171387853453864
2020-09-09,44.725590860327976,-122.17725667877218,0.6991250451644212
2020-09-09,44.69918039097486,-122.20690108314813,0.699509874347774
2020-09-09,44.71912299028232,-122.15623610112378,0.7211360904621781
2020-09-09,44.69325151009967,-122.21929783406898,0.6729444732424258
2020-09-09,44.70888219604336,-122.1885754513521,0.7148800082571628
2020-09-09,44.69001757507685,-122.20312815895484,0.7018722743134391
2020-09-09,44.71103815272524,-122.17671768960172,0.6987758360382169
2020-09-09,44.704570282679576,-122.2397794225469,0.6453794068282056
2020-09-09,44.710499163554765,-122.17402274374936,0.6936210019381536
2020-09-09,44.71966197945279,-122.15246317693048,0.719285400436999
2020-09-09,44.70618725019099,-122.23708447669456,0.6634052113612078
2020-09-09,44.69756342346345,-122.20905703983,0.6994347119909867
2020-09-09,44.69810241263392,-122.21067400734142,0.6997382785426851
2020-09-09,44.715350066089016,-122.18318555964736,0.7139404564538551
2020-09-09,44.712655120236654,-122.16971083038558,0.7007527602445776
2020-09-09,44.70025836931581,-122.20690108314813,0.6966870072650693
2020-09-09,44.715350066089016,-122.17402274374936,0.7181526507779501
2020-09-09,44.71588905525949,-122.15731407946473,0.7301790559076828
2020-09-09,44.71211613106618,-122.16809386287416,2.4040605204403014
2020-09-09,44.69971938014533,-122.19666028890916,0.7049789710744222
2020-09-09,44.71103815272524,-122.2419353792288,0.7097650917886053
2020-09-09,44.72612984949845,-122.16270397116944,0.739931048439113
2020-09-09,44.70618725019099,-122.24085740088783,0.6494928122073761
2020-09-09,44.72343490364609,-122.17240577623794,0.7005048187245385
2020-09-09,44.71103815272524,-122.17456173291984,0.6835914461182175
2020-09-09,44.73259771954411,-122.16108700365804,0.6659019873572548
2020-09-09,44.71157714189571,-122.1729447654084,0.6938610413874051
2020-09-09,44.722895914475615,-122.17779566794266,0.7144791626703533
2020-09-09,44.692173531758726,-122.21282996402331,0.6816298361834521
2020-09-09,44.72451288198703,-122.171327797897,0.7349543629756322
2020-09-09,44.70942118521383,-122.17779566794266,0.6926730221821664
2020-09-09,44.72181793613468,-122.18372454881784,0.6812669100143919
2020-09-09,44.70187533682722,-122.22953862830794,2.0611992349117463
2020-09-09,44.725590860327976,-122.17024981955603,0.7179973065392805
2020-09-09,44.72181793613468,-122.15569711195332,0.8034179011988622
2020-09-09,44.721278946964205,-122.1503072202486,0.7357067949787413
2020-09-09,44.677620824156,-122.19127039720443,2.0253169266597237
2020-09-09,44.727746817009866,-122.17024981955603,0.7133447871248487
2020-09-09,44.7175060227709,-122.18210758130644,0.7025138517281915
2020-09-09,44.69109555341779,-122.20582310480718,0.6896992975902019
2020-09-09,44.69810241263392,-122.199894223932,0.6958335488645288
2020-09-09,44.69055656424732,-122.20582310480718,0.6876814416055899
2020-09-09,44.70403129350911,-122.23385054167171,0.6594999964930769
2020-09-09,44.72343490364609,-122.18426353798831,0.6955851108108655
2020-09-09,44.69702443429298,-122.22630469328512,0.6662079333280208
2020-09-09,44.7137330985776,-122.16593790619228,0.6893827982826662
2020-09-09,44.71804501194137,-122.15461913361236,0.7326142924573749
2020-09-09,44.694329488440616,-122.2166028882166,0.6675426306476577
2020-09-09,44.71211613106618,-122.18156859213596,0.6842735704483951
2020-09-09,44.67815981332647,-122.1923483755454,1.7378457045682238
2020-09-09,44.7099601743843,-122.18534151632926,0.7021948613277189
2020-09-09,44.70025836931581,-122.20797906148908,1.2083505001993633
2020-09-09,44.69163454258826,-122.2187588448985,2.3888164387428765
2020-09-09,44.716967033600426,-122.1885754513521,0.6973074227543122
2020-09-09,44.710499163554765,-122.2397794225469,0.7057193180498539
2020-09-09,44.70564826102052,-122.1923483755454,0.7144315825194917
2020-09-09,44.71804501194137,-122.15569711195332,0.7296044200289189
2020-09-09,44.69163454258826,-122.20582310480718,0.6816463209037732
2020-09-09,44.70187533682722,-122.18695848384068,0.7162966264242825
2020-09-09,44.70133634765675,-122.18534151632926,1.418974269675899
2020-09-09,44.69971938014533,-122.22684368245558,0.9077800422062463
2020-09-09,44.67869880249694,-122.18965342969304,1.4646634282353974
2020-09-09,44.69918039097486,-122.2360064983536,0.6396004738043487
2020-09-09,44.72343490364609,-122.17725667877218,0.717964998668749
2020-09-09,44.696485445122505,-122.21606389904616,0.6789751098815692
2020-09-09,44.7137330985776,-122.24139639005833,0.7082562739379452
2020-09-09,44.70888219604336,-122.17617870043124,0.7040286807474793
2020-09-09,44.716428044429954,-122.16108700365804,0.7031893330739077
2020-09-09,44.70888219604336,-122.1788736462836,0.7026624895911884
2020-09-09,44.69594645595203,-122.199894223932,0.7064179475422181
2020-09-09,44.72936378452128,-122.1616259928285,0.7086513670959106
2020-09-09,44.70187533682722,-122.22899963913748,2.588861683837092
2020-09-09,44.71858400111184,-122.2435523467402,1.0330866702213124
2020-09-09,44.7137330985776,-122.16647689536276,0.7039516962340521
2020-09-09,44.69540746678156,-122.25055920595634,0.6775010365013857
2020-09-09,44.71588905525949,-122.2473252709335,2.3248002666956094
2020-09-09,44.70780421770241,-122.23924043337642,0.7050806181104873
2020-09-09,44.7099601743843,-122.19180938637491,0.7379802586740076
2020-09-09,44.69540746678156,-122.22576570411464,0.6527938382865655
2020-09-09,44.696485445122505,-122.23492852001266,2.68540772435245
2020-09-09,44.72397389281656,-122.16593790619228,0.7490250032658613
2020-09-09,44.702953315168166,-122.19073140803395,0.7313593767489667
2020-09-09,44.727746817009866,-122.171327797897,0.7250405443358992
2020-09-09,44.69918039097486,-122.19450433222728,0.7029506406908703
2020-09-09,44.72990277369175,-122.15839205780568,0.6908469440454152
2020-09-09,44.714811076918544,-122.16108700365804,0.6970774882526332
2020-09-09,44.72666883866892,-122.16593790619228,0.7338151689966557
2020-09-09,44.73259771954411,-122.15947003614662,0.6674748255058185
2020-09-09,44.70726522853194,-122.17779566794266,0.7119533889620858
2020-09-09,44.70834320687288,-122.19612129973868,0.9854912661175375
2020-09-09,44.70025836931581,-122.22738267162605,0.9453133251004986
2020-09-09,44.69486847761109,-122.19935523476153,0.7138624563977002
2020-09-09,44.702414325997694,-122.19288736471586,0.7188509600350312
2020-09-09,44.69109555341779,-122.20959602900048,0.6780598318141623
2020-09-09,44.71858400111184,-122.1540801444419,0.7277992367002054
2020-09-09,44.702953315168166,-122.2322335741603,1.3699856230779666
2020-09-09,44.6927125209292,-122.2074400723186,0.6854110782693604
2020-09-09,44.71912299028232,-122.1788736462836,0.6923731268019687
2020-09-09,44.71858400111184,-122.13090361011162,0.690340653546768
2020-09-09,44.706726239361466,-122.19180938637491,0.7416259040742722
2020-09-09,44.721278946964205,-122.13359855596396,0.6911355892882011
2020-09-09,44.70942118521383,-122.17402274374936,0.6982957994690221
2020-09-09,44.69594645595203,-122.23061660664888,1.2803297983280226
2020-09-09,44.69702443429298,-122.25002021678588,2.2111164459086448
2020-09-09,44.67815981332647,-122.19612129973868,0.6958325047656356
2020-09-09,44.716967033600426,-122.16108700365804,0.7029060002138432
2020-09-09,44.70780421770241,-122.23546750918312,0.7186021710994884
2020-09-09,44.694329488440616,-122.25217617346776,0.6755672822428359
2020-09-09,44.71157714189571,-122.1901924188635,0.7152306742207339
2020-09-09,44.704570282679576,-122.18534151632926,0.7176270974554834
2020-09-09,44.710499163554765,-122.18049061379502,0.6840567319066717
2020-09-09,44.69325151009967,-122.20959602900048,0.6838169279986328
2020-09-09,44.72235692530514,-122.17186678706749,0.7275674044464244
2020-09-09,44.70079735848628,-122.1977382672501,0.7071334225346851
2020-09-09,44.68786161839496,-122.19827725642058,1.205277922437917
2020-09-09,44.71858400111184,-122.18156859213596,0.7000255568751899
2020-09-09,44.72020096862326,-122.24894223844493,0.696402240397498
2020-09-09,44.706726239361466,-122.18210758130644,0.7316947853417567
2020-09-09,44.69918039097486,-122.22953862830794,0.6584528056164618
2020-09-09,44.70834320687288,-122.18102960296548,0.7539145677417453
2020-09-09,44.67815981332647,-122.19288736471586,2.1778816144930886
2020-09-09,44.69109555341779,-122.21714187738708,1.6947354929459955
2020-09-09,44.70025836931581,-122.24409133591068,0.6704716405903889
2020-09-09,44.72612984949845,-122.15192418776002,0.6982597173838229
2020-09-09,44.69379049927014,-122.21175198568235,0.6792934275225729
2020-09-09,44.6927125209292,-122.20097220227294,2.042980835296805
2020-09-09,44.710499163554765,-122.19073140803395,0.7140019582238459
2020-09-09,44.716428044429954,-122.18480252715878,0.7081996619011489
2020-09-09,44.69163454258826,-122.21229097485283,0.6880162105297741
2020-09-09,44.70618725019099,-122.2360064983536,0.6741634900532754
2020-09-09,44.70025836931581,-122.22899963913748,0.6601555128742301
2020-09-09,44.72666883866892,-122.15839205780568,0.7111459759976784
2020-09-09,44.70780421770241,-122.17563971126076,0.7201707089017123
2020-09-09,44.712655120236654,-122.1864194946702,0.7237604339506385
2020-09-09,44.714811076918544,-122.17779566794266,0.7105114684692814
2020-09-09,44.69810241263392,-122.20797906148908,0.7044235686278798
2020-09-09,44.69756342346345,-122.21013501817096,0.7004050940261957
2020-09-09,44.70187533682722,-122.24139639005833,0.6502931825572164
2020-09-09,44.69325151009967,-122.20366714812528,0.7005511940224566
2020-09-09,44.725590860327976,-122.18480252715878,1.2345163868142577
2020-09-09,44.71966197945279,-122.15138519858954,0.7177032908636916
2020-09-09,44.69971938014533,-122.2300776174784,0.6607866935286871
2020-09-09,44.73205873037364,-122.1653989170218,0.7112914326833488
2020-09-09,44.71427208774807,-122.19073140803395,0.6900404747513849
2020-09-09,44.72020096862326,-122.13252057762304,0.6941881080255933
2020-09-09,44.68570566171307,-122.19612129973868,1.809050966338116
2020-09-09,44.696485445122505,-122.19719927807964,0.7172157310804653
2020-09-09,44.70025836931581,-122.22684368245558,1.8828323545568646
2020-09-09,44.69702443429298,-122.20690108314813,0.7049816382069481
2020-09-09,44.72343490364609,-122.13575451264586,0.7045268388517238
2020-09-09,44.69971938014533,-122.20636209397766,0.6900253738370808
2020-09-09,44.70726522853194,-122.2397794225469,0.6894289362430673
2020-09-09,44.69864140180439,-122.2419353792288,2.120263536200091
2020-09-09,44.71211613106618,-122.2397794225469,0.7125211292513394
2020-09-09,44.721278946964205,-122.24678628176304,0.6929136720942024
2020-09-09,44.71319410940713,-122.17725667877218,0.6911496767746733
2020-09-09,44.7137330985776,-122.17941263545409,0.7037862951207275
2020-09-09,44.69971938014533,-122.1939653430568,0.7063160055722937
2020-09-09,44.712655120236654,-122.23870144420596,1.993919368241674
2020-09-09,44.71804501194137,-122.1292866426002,0.6899664630545426
2020-09-09,44.69810241263392,-122.24840324927445,1.7472926153927992
2020-09-09,44.704570282679576,-122.2360064983536,0.6550766177950198
2020-09-09,44.71966197945279,-122.18588050549972,0.6662672824281264
2020-09-09,44.72343490364609,-122.15354115527144,0.7056150978717904
2020-09-09,44.72990277369175,-122.16270397116944,0.7089667195048381
2020-09-09,44.716967033600426,-122.17995162462454,0.7130230370819417
2020-09-09,44.7175060227709,-122.12874765342973,0.6904809566842026
2020-09-09,44.710499163554765,-122.2419353792288,0.7077676338075619
2020-09-09,44.712655120236654,-122.1637819495104,0.6895854064627193
2020-09-09,44.72612984949845,-122.17078880872651,0.7096987257408738
2020-09-09,44.72720782783939,-122.14599530688484,0.699496408238604
2020-09-09,44.69540746678156,-122.22145379075086,0.6569381029477156
2020-09-09,44.725051871157504,-122.16593790619228,0.742411390720715
2020-09-09,44.70187533682722,-122.19881624559105,0.7011505931208952
2020-09-09,44.70079735848628,-122.1864194946702,0.7141333522123069
2020-09-09,44.72073995779373,-122.15569711195332,0.7154879098345506
2020-09-09,44.6851666725426,-122.19935523476153,0.6696498080088144
2020-09-09,44.70025836931581,-122.19827725642058,0.7044343531550492
2020-09-09,44.725051871157504,-122.18372454881784,1.0268064758045437
2020-09-09,44.73044176286222,-122.1675548737037,0.7075185540096737
2020-09-09,44.70133634765675,-122.20312815895484,0.6946319618275245
2020-09-09,44.72828580618033,-122.17348375457888,0.8368059608639216
2020-09-09,44.715350066089016,-122.17240577623794,0.7174500967189011
2020-09-09,44.70349230433864,-122.19827725642058,0.7056822369857468
2020-09-09,44.69702443429298,-122.21067400734142,0.6960312646444936
2020-09-09,44.72990277369175,-122.1600090253171,0.6968813968706584
2020-09-09,44.70079735848628,-122.19288736471586,0.7073318155519017
2020-09-09,44.694329488440616,-122.25163718429728,0.6776236690115279
2020-09-09,44.69971938014533,-122.23277256333076,0.6509214448127428
2020-09-09,44.69918039097486,-122.20205018061388,0.6943765744001753
2020-09-09,44.72666883866892,-122.15300216610096,0.935580908948317
2020-09-09,44.72343490364609,-122.18372454881784,0.700260965975933
2020-09-09,44.71804501194137,-122.24463032508116,0.7061457826923219
2020-09-09,44.72828580618033,-122.16863285204464,0.7094461122973958
2020-09-09,44.712655120236654,-122.17240577623794,0.6977519469466936
2020-09-09,44.7175060227709,-122.16432093868086,0.7027424971012323
2020-09-09,44.715350066089016,-122.16593790619228,0.7144040195853604
2020-09-09,44.69810241263392,-122.23708447669456,0.6547877626195335
2020-09-09,44.71912299028232,-122.17779566794266,0.6787268679827266
2020-09-09,44.69055656424732,-122.21552490987568,1.0818051703517284
2020-09-09,44.7137330985776,-122.1670158845332,0.7046680453161197
2020-09-09,44.71427208774807,-122.19127039720443,0.786173251491053
2020-09-09,44.71588905525949,-122.16108700365804,0.7059277760081494
2020-09-09,44.70780421770241,-122.2397794225469,0.703382684453972
2020-09-09,44.71319410940713,-122.24301335756974,0.7096615248786496
2020-09-09,44.71588905525949,-122.16647689536276,0.6804516308884894
2020-09-09,44.72073995779373,-122.17563971126076,0.6866819437039382
2020-09-09,44.722895914475615,-122.17186678706749,0.6969703023314047
2020-09-09,44.69325151009967,-122.2187588448985,0.6774416700786929
2020-09-09,44.68732262922448,-122.1977382672501,1.2632069276564513
2020-09-09,44.68301071586071,-122.1939653430568,0.6693006981182748
2020-09-09,44.68570566171307,-122.19827725642058,0.6734602278071408
2020-09-09,44.72343490364609,-122.16593790619228,0.7480610767576471
2020-09-09,44.67923779166741,-122.19180938637491,0.6758486617422752
2020-09-09,44.71103815272524,-122.23816245503548,0.7105090999007276
2020-09-09,44.714811076918544,-122.18049061379502,0.7166910279464432
2020-09-09,44.72666883866892,-122.16432093868086,0.7309901463341172
2020-09-09,44.72720782783939,-122.17456173291984,0.914976958967871
2020-09-09,44.69971938014533,-122.23708447669456,0.6466036258207143
2020-09-09,44.7099601743843,-122.18426353798831,0.6961787720408124
2020-09-09,44.7288247953508,-122.15947003614662,0.7018555084517295
2020-09-09,44.69001757507685,-122.20528411563672,0.6952705740674597
2020-09-09,44.70133634765675,-122.19935523476153,0.700960545195823
2020-09-09,44.737448622078354,-122.15623610112378,0.9553757690215298
2020-09-09,44.70349230433864,-122.19666028890916,0.7141169369170179
2020-09-09,44.72020096862326,-122.2473252709335,0.7032677488708002
2020-09-09,44.725051871157504,-122.15354115527144,0.7055381254333832
2020-09-09,44.69594645595203,-122.21444693153472,0.6782987637746383
2020-09-09,44.72451288198703,-122.17725667877218,0.7159772066073974
2020-09-09,44.721278946964205,-122.15515812278284,0.7139742686071001
2020-09-09,44.70834320687288,-122.1939653430568,0.7234720471145153
2020-09-09,44.7175060227709,-122.18426353798831,0.6961224877235999
2020-09-09,44.70726522853194,-122.19666028890916,0.8010779197733172
2020-09-09,44.72020096862326,-122.1826465704769,0.6714297491104438
2020-09-09,44.72612984949845,-122.1481512635667,0.6960997042534485
2020-09-09,44.716428044429954,-122.18965342969304,0.6833947126614914
2020-09-09,44.71427208774807,-122.18049061379502,0.7055358762083496
2020-09-09,44.71103815272524,-122.23924043337642,0.7076814016544843
2020-09-09,44.7099601743843,-122.19342635388634,0.7762477195575759
2020-09-09,44.725590860327976,-122.1465342960553,0.6915079066498669
2020-09-09,44.71912299028232,-122.1578530686352,0.7301261838010328
2020-09-09,44.70888219604336,-122.24139639005833,0.7014248464177272
2020-09-09,44.67600385664458,-122.19719927807964,0.7735378958931626
2020-09-09,44.73906558958977,-122.15677509029426,0.6544149415811218
2020-09-09,44.71966197945279,-122.24786426010398,0.7025102119242123
2020-09-09,44.70079735848628,-122.237623465865,0.6499046517776755
2020-09-09,44.706726239361466,-122.1788736462836,0.7287492256121432
2020-09-09,44.7137330985776,-122.18534151632926,0.6921324671293987
2020-09-09,44.706726239361466,-122.23492852001266,0.7013611904812317
2020-09-09,44.72020096862326,-122.15731407946473,0.727399236775715
2020-09-09,44.715350066089016,-122.16108700365804,0.7032198669393754
2020-09-09,44.69971938014533,-122.20690108314813,0.6898809827733241
2020-09-09,44.71157714189571,-122.17995162462454,0.6847730088413475
2020-09-09,44.706726239361466,-122.23870144420596,0.6827298824963234
2020-09-09,44.722895914475615,-122.18480252715878,0.6986582822923683
2020-09-09,44.69594645595203,-122.21013501817096,0.6941420405325656
2020-09-09,44.71912299028232,-122.24894223844493,0.6925561290621547
2020-09-09,44.70187533682722,-122.18911444052256,0.7058889810437071
2020-09-09,44.68732262922448,-122.20258916978436,0.6949324968118762
2020-09-09,44.70349230433864,-122.18965342969304,0.7131043622430173
2020-09-09,44.710499163554765,-122.18588050549972,0.7118438524143755
2020-09-09,44.694329488440616,-122.22145379075086,0.6624972282159852
2020-09-09,44.71858400111184,-122.18749747301116,0.6810703732384623
2020-09-09,44.71912299028232,-122.24624729259256,0.7167654319081537
2020-09-09,44.69486847761109,-122.20959602900048,0.6912514453950461
2020-09-09,44.722895914475615,-122.17725667877218,0.7161682026864049
2020-09-09,44.70942118521383,-122.19180938637491,0.736906190450409
2020-09-09,44.7137330985776,-122.16485992785134,0.6868627922417937
2020-09-09,44.69486847761109,-122.21444693153472,0.6752874921212405
2020-09-09,44.67869880249694,-122.19180938637491,0.6722838605247774
2020-09-09,44.69594645595203,-122.22899963913748,0.6480591197877907
2020-09-09,44.72181793613468,-122.17563971126076,0.6909311131710341
2020-09-09,44.72666883866892,-122.17456173291984,0.7184116822194271
2020-09-09,44.721278946964205,-122.17671768960172,0.6934308282713918
2020-09-09,44.69702443429298,-122.20905703983,0.7015144710525926
2020-09-09,44.69810241263392,-122.228460649967,0.6641451478868508
2020-09-09,44.716428044429954,-122.16971083038558,0.8748858169060325
2020-09-09,44.71319410940713,-122.16485992785134,0.6919578840867614
2020-09-09,44.69918039097486,-122.24678628176304,0.678728537571955
2020-09-09,44.714811076918544,-122.1691718412151,0.6943796353547702
2020-09-09,44.694329488440616,-122.22199277992134,0.6604693156408995
2020-09-09,44.727746817009866,-122.1653989170218,0.7209361594887749
2020-09-09,44.69810241263392,-122.23331155250123,0.6463037893991745
2020-09-09,44.702953315168166,-122.2360064983536,0.6491975520694587
2020-09-09,44.69486847761109,-122.2510981951268,0.6767916757878646
2020-09-09,44.7137330985776,-122.17995162462454,0.7030245008799075
2020-09-09,44.73583165456694,-122.16216498199896,1.4754529022014367
2020-09-09,44.715350066089016,-122.18749747301116,0.7154739522609218
2020-09-09,44.72343490364609,-122.14922924190763,0.7062760195743634
2020-09-09,44.7385266004193,-122.15677509029426,0.716259320435694
2020-09-09,44.69540746678156,-122.228460649967,0.6466673066252595
2020-09-09,44.72397389281656,-122.17078880872651,0.7167743710663277
2020-09-09,44.70133634765675,-122.1923483755454,0.7112917378070316
2020-09-09,44.702953315168166,-122.18695848384068,0.6963281820758951
2020-09-09,44.70618725019099,-122.19666028890916,0.727262638521722
2020-09-09,44.68462768337213,-122.199894223932,2.2536282482675145
2020-09-09,44.72936378452128,-122.16324296033991,0.7158462040031522
2020-09-09,44.70834320687288,-122.237623465865,0.7153324788405333
2020-09-09,44.704570282679576,-122.24139639005833,1.7937463564304723
2020-09-09,44.69864140180439,-122.20205018061388,0.6946077729211729
2020-09-09,44.71103815272524,-122.1880364621816,0.707462601541467
2020-09-09,44.69864140180439,-122.23492852001266,0.645083009776769
2020-09-09,44.725051871157504,-122.1443783393734,0.6964650915754304
2020-09-09,44.71912299028232,-122.18480252715878,0.6949318330264806
2020-09-09,44.696485445122505,-122.19827725642058,0.710968865236273
2020-09-09,44.69756342346345,-122.24840324927445,0.677943197217455
2020-09-09,44.704570282679576,-122.1880364621816,0.7419018339962546
2020-09-09,44.696485445122505,-122.23169458498982,0.6552532633894751
2020-09-09,44.70726522853194,-122.2419353792288,0.652533588274879
2020-09-09,44.70726522853194,-122.18156859213596,0.7487543611658309
2020-09-09,44.70079735848628,-122.18911444052256,0.7140459925723277
2020-09-09,44.70403129350911,-122.1880364621816,0.7216479498166896
2020-09-09,44.696485445122505,-122.2225317690918,0.6640948579654433
2020-09-09,44.69594645595203,-122.22468772577368,0.6523839249160323
2020-09-09,44.6927125209292,-122.21444693153472,0.6823606718641929
2020-09-09,44.72235692530514,-122.13413754513444,0.6940699452281726
2020-09-09,44.71211613106618,-122.1729447654084,0.6957123807694902
2020-09-09,44.69702443429298,-122.2149859207052,0.681842615976135
2020-09-09,44.69864140180439,-122.1901924188635,0.7285973820996138
2020-09-09,44.69756342346345,-122.23115559581936,0.6446789858557296
2020-09-09,44.68732262922448,-122.20151119144342,0.6939344493404148
2020-09-09,44.69379049927014,-122.22145379075086,0.6629156113521013
2020-09-09,44.72020096862326,-122.17671768960172,0.6796880271859405
2020-09-09,44.6851666725426,-122.19666028890916,0.6770834618328702
2020-09-09,44.72073995779373,-122.15300216610096,0.7161317602081889
2020-09-09,44.70834320687288,-122.17510072209028,0.710021030049819
2020-09-09,44.69540746678156,-122.20528411563672,0.6875404377987094
2020-09-09,44.737987611248826,-122.1600090253171,0.7577985112187597
2020-09-09,44.69971938014533,-122.23169458498982,0.6638619540865409
2020-09-09,44.727746817009866,-122.16485992785134,0.723795369733796
2020-09-09,44.70349230433864,-122.18426353798831,0.7316808445621881
2020-09-09,44.69163454258826,-122.25433213014963,0.6881843912178163
2020-09-09,44.6927125209292,-122.2166028882166,0.680191145204206
2020-09-09,44.7175060227709,-122.1600090253171,0.7218651393213077
2020-09-09,44.71966197945279,-122.15569711195332,0.7197751127517964
2020-09-09,44.70510927185005,-122.1901924188635,0.7207104777062426
2020-09-09,44.71804501194137,-122.1864194946702,0.6848026020496718
2020-09-09,44.712655120236654,-122.18588050549972,0.7169306328000797
2020-09-09,44.71211613106618,-122.17510072209028,0.6917959120047257
2020-09-09,44.7137330985776,-122.17456173291984,0.7160288723850429
2020-09-09,44.69971938014533,-122.23654548752408,0.6423774463937786
2020-09-09,44.69594645595203,-122.19558231056824,0.7200868522236634
2020-09-09,44.704570282679576,-122.19450433222728,0.7068040410244484
2020-09-09,44.69971938014533,-122.23438953084218,0.6300935927452352
2020-09-09,44.71804501194137,-122.12713068591832,0.6878598212701439
2020-09-09,44.72343490364609,-122.18480252715878,0.7049467274911003
2020-09-09,44.731519741203165,-122.16647689536276,0.7016400347842272
2020-09-09,44.70025836931581,-122.24031841171735,1.2656663733312759
2020-09-09,44.702953315168166,-122.1923483755454,0.7155900734163013
2020-09-09,44.72612984949845,-122.14383935020294,0.6915588982177623
2020-09-09,44.694329488440616,-122.19827725642058,2.26897205834287
2020-09-09,44.71319410940713,-122.17671768960172,0.6903287239426525
2020-09-09,44.69594645595203,-122.2494812276154,0.6758437150385113
2020-09-09,44.727746817009866,-122.1600090253171,0.7050471978863119
2020-09-09,44.72020096862326,-122.18588050549972,0.8031245615775764
2020-09-09,44.69594645595203,-122.20366714812528,0.6934891193562329
2020-09-09,44.71858400111184,-122.1578530686352,0.7299391274935219
2020-09-09,44.702414325997694,-122.2397794225469,0.6534385435131099
2020-09-09,44.70510927185005,-122.23546750918312,0.6532235297211711
2020-09-09,44.71157714189571,-122.19073140803395,0.712505407898623
2020-09-09,44.677620824156,-122.19504332139776,1.1346772235889055
2020-09-09,44.7099601743843,-122.1826465704769,0.6958776387174235
2020-09-09,44.71588905525949,-122.18695848384068,0.6966239937417557
2020-09-09,44.72020096862326,-122.24786426010398,0.7010353534089514
2020-09-09,44.72720782783939,-122.1691718412151,0.7077815880783831
2020-09-09,44.706726239361466,-122.18534151632926,0.7389291422834022
2020-09-09,44.72451288198703,-122.16809386287416,0.7429353488042286
2020-09-09,44.70780421770241,-122.23870144420596,0.7060545196698716
2020-09-09,44.69756342346345,-122.23385054167171,0.6528991904111305
2020-09-09,44.70025836931581,-122.18749747301116,0.7215337517725895
2020-09-09,44.69594645595203,-122.22360974743276,0.6530742349797216
2020-09-09,44.72828580618033,-122.171327797897,0.7157765186907052
2020-09-09,44.72612984949845,-122.15246317693048,0.6957371845977852
2020-09-09,44.722895914475615,-122.1578530686352,0.7487170317147561
2020-09-09,44.72397389281656,-122.14922924190763,0.7018446882764307
2020-09-09,44.69055656424732,-122.21444693153472,0.6939717528598093
2020-09-09,44.71588905525949,-122.16270397116944,0.7146143692574063
2020-09-09,44.721278946964205,-122.13467653430492,2.3083102994720854
2020-09-09,44.696485445122505,-122.2473252709335,1.1201184938890731
2020-09-09,44.70079735848628,-122.2419353792288,0.6615230230014884
2020-09-09,44.7175060227709,-122.17779566794266,0.6959850090231452
2020-09-09,44.725590860327976,-122.14707328522576,0.6928798604425147
2020-09-09,44.72073995779373,-122.17941263545409,0.6861003404406072
2020-09-09,44.72397389281656,-122.17240577623794,0.7071121148841725
2020-09-09,44.704570282679576,-122.19719927807964,0.7071063892973184
2020-09-09,44.694329488440616,-122.21821985572804,0.6695406675372771
2020-09-09,44.72720782783939,-122.1616259928285,0.7131679753340934
2020-09-09,44.70025836931581,-122.1923483755454,0.7036095371233159
2020-09-09,44.72720782783939,-122.1729447654084,0.7292248621044795
2020-09-09,44.69325151009967,-122.20151119144342,0.7045055610734621
2020-09-09,44.70726522853194,-122.24139639005833,0.6605397445369472
2020-09-09,44.69325151009967,-122.20636209397766,0.6859161590953788
2020-09-09,44.69702443429298,-122.20258916978436,0.7001095893701271
2020-09-09,44.722895914475615,-122.13467653430492,0.6978225385349882
2020-09-09,44.70133634765675,-122.19180938637491,0.7156398597857446
2020-09-09,44.70133634765675,-122.23816245503548,0.6522641192020174
2020-09-09,44.72235692530514,-122.17456173291984,0.6916498686352037
2020-09-09,44.70403129350911,-122.23870144420596,0.6460950908211827
2020-09-09,44.72720782783939,-122.16809386287416,0.7218504186957185
2020-09-09,44.71103815272524,-122.18372454881784,0.6954553878655052
2020-09-09,44.6889395967359,-122.20636209397766,2.3305411702606356
2020-09-09,44.68732262922448,-122.19827725642058,0.6811575697386548
2020-09-09,44.710499163554765,-122.17348375457888,0.6937311221823778
2020-09-09,44.73313670871458,-122.15893104697616,0.7643903342816328
2020-09-09,44.710499163554765,-122.18156859213596,0.6903629560235404
2020-09-09,44.69864140180439,-122.19180938637491,0.7170418206324046
2020-09-09,44.71858400111184,-122.13198158845256,0.8500679452610194
2020-09-09,44.72720782783939,-122.16863285204464,0.7144548048699919
2020-09-09,44.7175060227709,-122.18372454881784,0.6965751591757612
2020-09-09,44.67815981332647,-122.18965342969304,0.6917797524786905
2020-09-09,44.716967033600426,-122.15731407946473,0.7321608182991565
2020-09-09,44.72612984949845,-122.1578530686352,0.7073402041450927
2020-09-09,44.725051871157504,-122.14114440435058,0.691898852265871
2020-09-09,44.694329488440616,-122.2133689531938,0.6841036406636246
2020-09-09,44.68462768337213,-122.19504332139776,0.6685871477609409
2020-09-09,44.704570282679576,-122.18911444052256,0.7267849475444708
2020-09-09,44.722895914475615,-122.17510072209028,0.7067310889947579
2020-09-09,44.69918039097486,-122.19719927807964,0.7034750676014213
2020-09-09,44.70187533682722,-122.20366714812528,1.5111510845832197
2020-09-09,44.72451288198703,-122.18534151632926,0.9739768502118377
2020-09-09,44.72181793613468,-122.18156859213596,0.6869969195568844
2020-09-09,44.727746817009866,-122.1503072202486,0.9275375929850301
2020-09-09,44.68570566171307,-122.19935523476153,0.6689397569816532
2020-09-09,44.71427208774807,-122.1675548737037,0.6894877816839058
2020-09-09,44.70133634765675,-122.24031841171735,0.6539455103103265
2020-09-09,44.696485445122505,-122.23061660664888,0.6535651622121451
2020-09-09,44.69810241263392,-122.18965342969304,0.7293528138009592
2020-09-09,44.71858400111184,-122.24840324927445,0.6930269521257758
2020-09-09,44.72990277369175,-122.1670158845332,0.7000506708431793
2020-09-09,44.71966197945279,-122.1578530686352,0.7238869071780958
2020-09-09,44.71858400111184,-122.15893104697616,0.7235693198123306
2020-09-09,44.67923779166741,-122.19127039720443,0.6785246616924033
2020-09-09,44.69379049927014,-122.22307075826228,0.6733445532637656
2020-09-09,44.72451288198703,-122.16593790619228,0.7385833364753807
2020-09-09,44.702953315168166,-122.23277256333076,0.6956440607585325
2020-09-09,44.70187533682722,-122.199894223932,0.6971838263144492
2020-09-09,44.69325151009967,-122.2166028882166,0.6766220173304078
2020-09-09,44.69810241263392,-122.20366714812528,0.6929241405233343
2020-09-09,44.70079735848628,-122.2300776174784,0.6686896034267957
2020-09-09,44.72828580618033,-122.15839205780568,0.7074976792876841
2020-09-09,44.72720782783939,-122.15731407946473,0.7434090153408336
2020-09-09,44.710499163554765,-122.18480252715878,0.7053227564900786
2020-09-09,44.74014356793072,-122.1578530686352,0.8038544272704609
2020-09-09,44.70403129350911,-122.19127039720443,0.711338520639505
2020-09-09,44.68840060756543,-122.20474512646624,0.7008909714568485
2020-09-09,44.69379049927014,-122.20312815895484,0.7036877855662447
2020-09-09,44.72666883866892,-122.1729447654084,0.7349491409148776
2020-09-09,44.7288247953508,-122.16108700365804,0.7108467576593461
2020-09-09,44.71588905525949,-122.17941263545409,0.7115134555734739
2020-09-09,44.70780421770241,-122.18965342969304,0.7274278270367782
2020-09-09,44.70726522853194,-122.19127039720443,0.735990237902989
2020-09-09,44.69918039097486,-122.23438953084218,0.6383295292431963
2020-09-09,44.69001757507685,-122.20959602900048,0.6875800738828394
2020-09-09,44.67815981332647,-122.1885754513521,1.899298817558792
2020-09-09,44.70079735848628,-122.19127039720443,0.705773474670243
2020-09-09,44.73098075203269,-122.16108700365804,0.6894671244530837
2020-09-09,44.69109555341779,-122.21552490987568,0.6937149430233887
2020-09-09,44.716428044429954,-122.18372454881784,0.698180364372277
2020-09-09,44.73960457876024,-122.1578530686352,0.6635300108562988
2020-09-09,44.69163454258826,-122.21175198568235,0.683684133837195
2020-09-09,44.70618725019099,-122.17995162462454,0.7323728731853529
2020-09-09,44.71211613106618,-122.17941263545409,0.6890254630021532
2020-09-09,44.70942118521383,-122.18480252715878,0.6947648005232071
2020-09-09,44.714811076918544,-122.18426353798831,0.734414456607773
2020-09-09,44.725590860327976,-122.16108700365804,0.7218036712304909
2020-09-09,44.715350066089016,-122.16647689536276,0.6793638647816443
2020-09-09,44.73906558958977,-122.15893104697616,0.6536386562088218
2020-09-09,44.70942118521383,-122.17671768960172,0.6984723218343298
2020-09-09,44.692173531758726,-122.20366714812528,0.6940575128940907
2020-09-09,44.72073995779373,-122.15515812278284,0.7175025439761913
2020-09-09,44.706726239361466,-122.18588050549972,0.7354727463445441
2020-09-09,44.71319410940713,-122.18480252715878,0.6875330431768178
2020-09-09,44.69864140180439,-122.22792166079653,0.6680528683700756
2020-09-09,44.71211613106618,-122.17348375457888,0.6859873902509971
2020-09-09,44.69379049927014,-122.20258916978436,0.7023812937654282
2020-09-09,44.725590860327976,-122.17617870043124,0.7029934887602727
2020-09-09,44.70834320687288,-122.17563971126076,0.7072103900159622
2020-09-09,44.69756342346345,-122.24409133591068,0.681729831417135
2020-09-09,44.69756342346345,-122.2300776174784,0.6567978986582803
2020-09-09,44.69971938014533,-122.237623465865,0.6492961581643908
2020-09-09,44.721278946964205,-122.17995162462454,0.6991968057857687
2020-09-09,44.71157714189571,-122.17348375457888,0.6914707342326929
2020-09-09,44.71427208774807,-122.18210758130644,0.7164483185270508
2020-09-09,44.68462768337213,-122.19666028890916,0.6704593746829397
2020-09-09,44.69810241263392,-122.22414873660324,0.6742775765971031
2020-09-09,44.696485445122505,-122.24894223844493,0.6825973230116322
2020-09-09,44.7137330985776,-122.18426353798831,0.6952375594336477
2020-09-09,44.72612984949845,-122.15084620941909,0.6961246595881577
2020-09-09,44.72235692530514,-122.18695848384068,0.991283268437611
2020-09-09,44.70780421770241,-122.18480252715878,0.7666201790103208
2020-09-09,44.7099601743843,-122.17617870043124,0.6993777303105815
2020-09-09,44.71427208774807,-122.17402274374936,0.7259169172132677
2020-09-09,44.712655120236654,-122.18749747301116,0.7239351749586628
2020-09-09,44.737448622078354,-122.15677509029426,0.6603302276890682
2020-09-09,44.681393748349294,-122.1939653430568,0.6741647296476553
2020-09-09,44.716428044429954,-122.1691718412151,0.7701082216960737
2020-09-09,44.70942118521383,-122.19127039720443,0.7467998940522653
2020-09-09,44.725051871157504,-122.18102960296548,1.1059383287601825
2020-09-09,44.70403129350911,-122.237623465865,0.6526042723706021
2020-09-09,44.69810241263392,-122.19827725642058,0.6980954587628212
2020-09-09,44.69702443429298,-122.24409133591068,0.6830606397137714
2020-09-09,44.71858400111184,-122.16216498199896,0.7285132633898418
2020-09-09,44.72720782783939,-122.16647689536276,0.727703222181057
2020-09-09,44.716428044429954,-122.15569711195332,0.780158557549575
2020-09-09,44.694329488440616,-122.21929783406898,0.6677215514191374
2020-09-09,44.69702443429298,-122.20582310480718,0.703638562254782
2020-09-09,44.69540746678156,-122.24247436839926,2.3578477716690953
2020-09-09,44.71858400111184,-122.12713068591832,0.9298578125052933
2020-09-09,44.71103815272524,-122.237623465865,0.710892723047417
2020-09-09,44.73313670871458,-122.16324296033991,0.6670421639321495
2020-09-09,44.6927125209292,-122.20151119144342,0.7032177591235416
2020-09-09,44.71319410940713,-122.17402274374936,0.6932725174028743
2020-09-09,44.68678364005401,-122.19719927807964,0.7866732385707689
2020-09-09,44.71211613106618,-122.23870144420596,1.2670149912025694
2020-09-09,44.722895914475615,-122.15354115527144,0.7047688440896429
2020-09-09,44.706726239361466,-122.23816245503548,0.6811833414902254
2020-09-09,44.727746817009866,-122.14383935020294,0.6937566446857281
2020-09-09,44.725590860327976,-122.1481512635667,0.6903282236506785
2020-09-09,44.71319410940713,-122.24085740088783,0.7056411238320812
2020-09-09,44.72828580618033,-122.16485992785134,0.7188611636588154
2020-09-09,44.69163454258826,-122.2133689531938,0.6882112203680396
2020-09-09,44.72181793613468,-122.18426353798831,0.6827871463394963
2020-09-09,44.70888219604336,-122.237623465865,0.7220921542801128
2020-09-09,44.69702443429298,-122.20420613729576,0.7091475219063864
2020-09-09,44.69971938014533,-122.1901924188635,0.7251546368004308
2020-09-09,44.71858400111184,-122.12982563177069,0.6902444209019839
2020-09-09,44.69810241263392,-122.23385054167171,0.6446851003829576
2020-09-09,44.735292665396464,-122.16108700365804,0.6675583932300136
2020-09-09,44.70618725019099,-122.1788736462836,0.745652323510879
2020-09-09,44.681932737519766,-122.19450433222728,0.6647192265577111
2020-09-09,44.70025836931581,-122.19666028890916,0.7088371951716887
2020-09-09,44.72397389281656,-122.17510072209028,0.7120630118833868
2020-09-09,44.72020096862326,-122.15839205780568,0.7299828284283325
2020-09-09,44.70025836931581,-122.20420613729576,0.6903439442229152
2020-09-09,44.72397389281656,-122.13467653430492,0.9255859188612787
2020-09-09,44.69109555341779,-122.2074400723186,0.6862681007119626
2020-09-09,44.70834320687288,-122.24139639005833,0.686839968419164
2020-09-09,44.69540746678156,-122.25163718429728,0.6738738099757973
2020-09-09,44.72451288198703,-122.16432093868086,0.7433534412605701
2020-09-09,44.69756342346345,-122.19881624559105,0.7064440293817534
2020-09-09,44.70079735848628,-122.19827725642058,0.7008249690193019
2020-09-09,44.72181793613468,-122.17833465711313,0.6917097415669305
2020-09-09,44.71966197945279,-122.1292866426002,0.7781794475028116
2020-09-09,44.70349230433864,-122.19127039720443,0.7076224360919744
2020-09-09,44.72828580618033,-122.1729447654084,0.7354947283890374
2020-09-09,44.71588905525949,-122.18210758130644,0.7041836520953643
2020-09-09,44.69001757507685,-122.20636209397766,0.6841701456313269
2020-09-09,44.69702443429298,-122.2166028882166,0.6821856640907946
2020-09-09,44.70942118521383,-122.19450433222728,0.9052641040054322
2020-09-09,44.72397389281656,-122.1691718412151,0.7339284410530252
2020-09-09,44.68031577000835,-122.19288736471586,0.6851013002663138
2020-09-09,44.69971938014533,-122.19450433222728,0.7021381960104387
2020-09-09,44.7175060227709,-122.24301335756974,0.7125816747885985
2020-09-09,44.71319410940713,-122.1653989170218,0.6967638210301338
2020-09-09,44.70564826102052,-122.19127039720443,0.7163176160355974
2020-09-09,44.70133634765675,-122.23061660664888,0.6637782190611095
2020-09-09,44.71427208774807,-122.16432093868086,0.697650156033937
2020-09-09,44.72073995779373,-122.13198158845256,0.687779683328667
2020-09-09,44.69864140180439,-122.23169458498982,0.6432337823684238
2020-09-09,44.716967033600426,-122.15569711195332,0.7315892962334095
2020-09-09,44.70888219604336,-122.1901924188635,0.7274509954086111
2020-09-09,44.70133634765675,-122.18695848384068,0.714599680219197
2020-09-09,44.69702443429298,-122.1977382672501,0.7081605553700933
2020-09-09,44.69864140180439,-122.20043321310249,0.6945870656179328
2020-09-09,44.7288247953508,-122.16432093868086,0.7196821817573568
2020-09-09,44.722895914475615,-122.18318555964736,0.690052001405926
2020-09-09,44.68947858590637,-122.2074400723186,0.9847453419324833
2020-09-09,44.7288247953508,-122.16485992785134,0.7128484132392106
2020-09-09,44.7175060227709,-122.1653989170218,0.6885680479793929
2020-09-09,44.68840060756543,-122.20097220227294,0.6879910534105746
2020-09-09,44.71912299028232,-122.1616259928285,0.9648177727688155
2020-09-09,44.72612984949845,-122.17510072209028,0.7190486544415992
2020-09-09,44.6889395967359,-122.19935523476153,1.61561349447825
2020-09-09,44.6927125209292,-122.2133689531938,0.6839028623714598
2020-09-09,44.7137330985776,-122.1600090253171,0.6977436466761048
2020-09-09,44.70403129350911,-122.19288736471586,0.7089922978401354
2020-09-09,44.72181793613468,-122.14922924190763,0.7427441216993173
2020-09-09,44.67923779166741,-122.18965342969304,1.6781147782303196
2020-09-09,44.69325151009967,-122.2149859207052,0.6742472294294614
2020-09-09,44.735292665396464,-122.1578530686352,0.7439313633362419
2020-09-09,44.72451288198703,-122.1368324909868,0.6997156568364103
2020-09-09,44.716967033600426,-122.18749747301116,0.7136086289400738
2020-09-09,44.73313670871458,-122.16432093868086,0.6879969545836294
2020-09-09,44.70618725019099,-122.18372454881784,0.7129635773140905
2020-09-09,44.69756342346345,-122.19504332139776,0.7051586564161471
2020-09-09,44.70025836931581,-122.20205018061388,0.6925974581559088
2020-09-09,44.70726522853194,-122.18372454881784,0.7563428283459078
2020-09-09,44.71588905525949,-122.16971083038558,0.6841375048761806
2020-09-09,44.6851666725426,-122.1977382672501,0.674532825075448
2020-09-09,44.716967033600426,-122.24786426010398,1.8859466842877561
2020-09-09,44.696485445122505,-122.20959602900048,0.6984912146542168
2020-09-09,44.70025836931581,-122.23331155250123,0.6459366229412354
2020-09-09,44.71966197945279,-122.1616259928285,1.5586574648704472
2020-09-09,44.716967033600426,-122.1826465704769,0.7063328210645083
2020-09-09,44.73205873037364,-122.16216498199896,0.6731951050447361
2020-09-09,44.71858400111184,-122.12874765342973,0.6883874538169114
2020-09-09,44.69055656424732,-122.20258916978436,0.6903493237569606
2020-09-09,44.71912299028232,-122.1880364621816,0.7265631774797894
2020-09-09,44.6927125209292,-122.20582310480718,0.6899861935070793
2020-09-09,44.72612984949845,-122.17779566794266,0.9274174113389121
2020-09-09,44.71858400111184,-122.24678628176304,0.7147382974993077
2020-09-09,44.72612984949845,-122.17240577623794,0.7231440734721509
2020-09-09,44.6889395967359,-122.20690108314813,2.4897028220514934
2020-09-09,44.69810241263392,-122.19342635388634,0.7132162436133797
2020-09-09,44.70618725019099,-122.19073140803395,0.7244033422643206
2020-09-09,44.72612984949845,-122.171327797897,0.7122958161478524
2020-09-09,44.70780421770241,-122.19073140803395,0.7293179338166998
2020-09-09,44.716428044429954,-122.1901924188635,0.9503300862854387
2020-09-09,44.69864140180439,-122.19827725642058,0.7005722714692278
2020-09-09,44.69486847761109,-122.19881624559105,0.712793264336707
2020-09-09,44.715350066089016,-122.16809386287416,0.6915006379266986
2020-09-09,44.69864140180439,-122.23708447669456,0.6503948147275146
2020-09-09,44.70564826102052,-122.2397794225469,0.6566067203513121
2020-09-09,44.70079735848628,-122.18965342969304,0.7123372942286664
2020-09-09,44.69163454258826,-122.21444693153472,0.6911184191981911
2020-09-09,44.694329488440616,-122.21175198568235,0.6799596722019063
2020-09-09,44.69379049927014,-122.21552490987568,0.6768142265378949
2020-09-09,44.704570282679576,-122.19504332139776,0.7087521786288351
2020-09-09,44.725590860327976,-122.17186678706749,0.7185271756653027
2020-09-09,44.71427208774807,-122.1826465704769,0.7121057908674743
2020-09-09,44.710499163554765,-122.23708447669456,0.7115670630999834
2020-09-09,44.72397389281656,-122.15623610112378,0.7102342654627887
2020-09-09,44.70834320687288,-122.1826465704769,0.7481691469858078
2020-09-09,44.71966197945279,-122.16054801448756,0.7305420461873503
2020-09-09,44.68678364005401,-122.20043321310249,0.6770213135747277
2020-09-09,44.72666883866892,-122.16863285204464,0.7183155871404987
2020-09-09,44.6889395967359,-122.20205018061388,0.6947539753507279
2020-09-09,44.70079735848628,-122.18695848384068,0.7141046674164315
2020-09-09,44.731519741203165,-122.16216498199896,0.6890421731750738
2020-09-09,44.69918039097486,-122.1923483755454,0.7216437016842874
2020-09-09,44.71319410940713,-122.1670158845332,0.7022066616532685
2020-09-09,44.725590860327976,-122.13791046932776,0.6955015631514753
2020-09-09,44.733675697885054,-122.1600090253171,0.6655672619478847
2020-09-09,44.696485445122505,-122.19881624559105,0.7070759364031987
2020-09-09,44.68947858590637,-122.20636209397766,0.689910931780737
2020-09-09,44.71588905525949,-122.15569711195332,1.9318055428737713
2020-09-09,44.70888219604336,-122.23924043337642,0.7152103262761897
2020-09-09,44.72073995779373,-122.24786426010398,0.6980208900584537
2020-09-09,44.71211613106618,-122.1788736462836,0.6783462419478461
2020-09-09,44.70564826102052,-122.23277256333076,1.6372393358184363
2020-09-09,44.71427208774807,-122.15893104697616,0.7046265656835151
2020-09-09,44.72397389281656,-122.13629350181633,0.7029144574881241
2020-09-09,44.72720782783939,-122.15677509029426,0.8243893695903334
2020-09-09,44.70025836931581,-122.2451693142516,0.6742344043720429
2020-09-09,44.69864140180439,-122.2074400723186,0.6965383121803296
2020-09-09,44.72397389281656,-122.14006642600964,0.7299611536826617
2020-09-09,44.706726239361466,-122.23546750918312,0.7035623614168053
2020-09-09,44.7288247953508,-122.1578530686352,0.9086405343235464
2020-09-09,44.70618725019099,-122.1885754513521,0.7242905417377841
2020-09-09,44.71804501194137,-122.18480252715878,0.6963715714526034
2020-09-09,44.71804501194137,-122.24409133591068,0.7107541069650316
2020-09-09,44.71211613106618,-122.16647689536276,1.533405011870794
2020-09-09,44.70349230433864,-122.19180938637491,0.7069920341621064
2020-09-09,44.70618725019099,-122.24139639005833,0.6516746534797407
2020-09-09,44.70025836931581,-122.23385054167171,0.641375655358754
2020-09-09,44.70510927185005,-122.23924043337642,0.6427261164486782
2020-09-09,44.725051871157504,-122.1600090253171,0.7218060463569453
2020-09-09,44.725051871157504,-122.171327797897,0.7310798347285954
2020-09-09,44.71427208774807,-122.1578530686352,0.9304177834132765
2020-09-09,44.68947858590637,-122.20474512646624,0.6983915310778315
2020-09-09,44.70780421770241,-122.18318555964736,0.7681448324876536
2020-09-09,44.694329488440616,-122.21390794236426,0.679932932264412
2020-09-09,44.70133634765675,-122.2300776174784,0.6661669120540269
2020-09-09,44.68732262922448,-122.19935523476153,0.6784038174558292
2020-09-09,44.69594645595203,-122.20097220227294,0.7076895863535629
2020-09-09,44.712655120236654,-122.16324296033991,0.692314425480592
2020-09-09,44.69702443429298,-122.22037581240993,0.6752928615468629
2020-09-09,44.712655120236654,-122.18695848384068,0.7215928205452683
2020-09-09,44.712655120236654,-122.19180938637491,0.7207853033800736
2020-09-09,44.72343490364609,-122.17186678706749,0.7045073129408395
2020-09-09,44.69702443429298,-122.23115559581936,0.6466980240924869
2020-09-09,44.702414325997694,-122.19073140803395,0.7256722479964542
2020-09-09,44.727746817009866,-122.17402274374936,0.9752850662178287
2020-09-09,44.725051871157504,-122.14383935020294,0.69869614446118
2020-09-09,44.72666883866892,-122.1389884476687,1.2792616042697023
2020-09-09,44.70025836931581,-122.19935523476153,0.7027082182814075
2020-09-09,44.69918039097486,-122.18911444052256,0.7241734541230458
2020-09-09,44.68947858590637,-122.20151119144342,0.7032542121839575
2020-09-09,44.725051871157504,-122.17725667877218,0.7019181269150448
2020-09-09,44.72073995779373,-122.13144259928208,0.9035034394718804
2020-09-09,44.70079735848628,-122.23385054167171,0.6449630402864017
2020-09-09,44.702414325997694,-122.23708447669456,0.6444043525482462
2020-09-09,44.71157714189571,-122.237623465865,1.356930037119927
2020-09-09,44.70942118521383,-122.18102960296548,0.6957877947164548
2020-09-09,44.69810241263392,-122.22738267162605,0.6685404960232949
2020-09-09,44.70888219604336,-122.1939653430568,0.7320451284927779
2020-09-09,44.706726239361466,-122.1864194946702,0.735407889243232
2020-09-09,44.72666883866892,-122.14383935020294,0.6888453585598641
2020-09-09,44.7175060227709,-122.1885754513521,0.6818900260353109
2020-09-09,44.72397389281656,-122.15246317693048,0.7047813678412861
2020-09-09,44.70025836931581,-122.22792166079653,0.6681976008305415
2020-09-09,44.72235692530514,-122.1540801444419,0.7080390778505066
2020-09-09,44.71157714189571,-122.17510072209028,0.6899292527488639
2020-09-09,44.69109555341779,-122.2112129965119,0.6836662447020733
2020-09-09,44.716967033600426,-122.1637819495104,0.6918442487795294
2020-09-09,44.72073995779373,-122.25002021678588,0.7007776689536305
2020-09-09,44.68678364005401,-122.20151119144342,0.6779978175030238
2020-09-09,44.72235692530514,-122.15300216610096,0.7052711653957016
2020-09-09,44.715350066089016,-122.18695848384068,0.7128991548545016
2020-09-09,44.712655120236654,-122.17186678706749,0.6940535054747073
2020-09-09,44.69379049927014,-122.2112129965119,0.6804828461949799
2020-09-09,44.67977678083789,-122.19450433222728,0.6883219314823315
2020-09-09,44.69540746678156,-122.2187588448985,0.6572839061549695
2020-09-09,44.70079735848628,-122.2360064983536,0.645690034583647
2020-09-09,44.70726522853194,-122.17671768960172,0.7076137514900733
2020-09-09,44.696485445122505,-122.19288736471586,2.273758263232429
2020-09-09,44.72181793613468,-122.13359855596396,0.686252820393008
2020-09-09,44.7288247953508,-122.16809386287416,0.7127051894596018
2020-09-09,44.72343490364609,-122.13467653430492,0.699810698790716
2020-09-09,44.72720782783939,-122.1443783393734,0.695899633699689
2020-09-09,44.71966197945279,-122.13036462094114,0.6902246261173435
2020-09-09,44.692173531758726,-122.21229097485283,0.6838228285531613
2020-09-09,44.69971938014533,-122.2435523467402,0.673591898983135
2020-09-09,44.70403129350911,-122.18534151632926,0.7197790037407386
2020-09-09,44.692173531758726,-122.2074400723186,0.681845018964
2020-09-09,44.681932737519766,-122.19558231056824,0.7477771480465353
2020-09-09,44.712655120236654,-122.16108700365804,0.7143754811797993
2020-09-09,44.70187533682722,-122.1885754513521,0.7094807856666864
2020-09-09,44.721278946964205,-122.17725667877218,0.6898008305326011
2020-09-09,44.725590860327976,-122.142761371862,0.6942306042845577
2020-09-09,44.725590860327976,-122.15839205780568,0.7130261313149804
2020-09-09,44.69756342346345,-122.2451693142516,0.6820256572160839
2020-09-09,44.72020096862326,-122.17563971126076,1.1679792016780306
2020-09-09,44.69486847761109,-122.20366714812528,0.6994889516675382
2020-09-09,44.73044176286222,-122.1653989170218,0.697235307988783
2020-09-09,44.70726522853194,-122.23438953084218,0.7058581558822546
2020-09-09,44.70079735848628,-122.1880364621816,0.7148103239181791
2020-09-09,44.722895914475615,-122.16809386287416,1.9972250228388573
2020-09-09,44.69540746678156,-122.2510981951268,0.6749304044171948
2020-09-09,44.71804501194137,-122.13036462094114,0.6895346826888522
2020-09-09,44.72451288198703,-122.15569711195332,0.7023995327394978
2020-09-09,44.71804501194137,-122.16432093868086,0.7412664289041438
2020-09-09,44.710499163554765,-122.171327797897,1.4842747694800944
2020-09-09,44.70133634765675,-122.1977382672501,0.7096549403045869
2020-09-09,44.69325151009967,-122.20851805065952,0.6823029443887162
2020-09-09,44.70349230433864,-122.23924043337642,0.6498865643076251
2020-09-09,44.71427208774807,-122.16647689536276,0.6984967198120909
2020-09-09,44.71804501194137,-122.16216498199896,0.7173652633646689
2020-09-09,44.71858400111184,-122.17941263545409,0.6870644367441762
2020-09-09,44.71912299028232,-122.15246317693048,0.7221603015505788
2020-09-09,44.67654284581505,-122.19666028890916,0.6987494361086153
2020-09-09,44.7137330985776,-122.17833465711313,0.6962185932637012
2020-09-09,44.702953315168166,-122.18534151632926,0.7314660448620819
2020-09-09,44.70187533682722,-122.24301335756974,2.0563148115998175
2020-09-09,44.72828580618033,-122.15893104697616,0.7086546834550126
2020-09-09,44.715350066089016,-122.18372454881784,0.7141621156412348
2020-09-09,44.68085475917882,-122.19180938637491,1.0267708632689272
2020-09-09,44.69918039097486,-122.19827725642058,0.69936549547515
2020-09-09,44.70834320687288,-122.18965342969304,0.7404606647378569
2020-09-09,44.7099601743843,-122.237623465865,0.712143396426228
2020-09-09,44.702414325997694,-122.1977382672501,0.7052425916003798
2020-09-09,44.69109555341779,-122.21390794236426,0.6946811946668896
2020-09-09,44.7137330985776,-122.16216498199896,0.6931471805599453
2020-09-09,44.70510927185005,-122.2397794225469,0.6455528036828894
2020-09-09,44.69702443429298,-122.19450433222728,0.7109436803635655
2020-09-09,44.7175060227709,-122.15515812278284,0.7304170570390484
2020-09-09,44.71966197945279,-122.24409133591068,1.4540206079916491
2020-09-09,44.715350066089016,-122.15947003614662,0.7044980402286348
2020-09-09,44.7099601743843,-122.18210758130644,0.6906416611438686
2020-09-09,44.69702443429298,-122.20205018061388,0.7031850475077801
2020-09-09,44.72073995779373,-122.25055920595634,0.8166382448866712
2020-09-09,44.7288247953508,-122.1600090253171,0.7030799407350605
2020-09-09,44.69325151009967,-122.21983682323943,0.6711097225595457
2020-09-09,44.721278946964205,-122.17402274374936,0.7681329874445079
2020-09-09,44.6927125209292,-122.22037581240993,2.4895255956442948
2020-09-09,44.737448622078354,-122.15839205780568,0.6606698847632244
2020-09-09,44.71319410940713,-122.18749747301116,0.7104874331854835
2020-09-09,44.71588905525949,-122.17078880872651,0.742580638415119
2020-09-09,44.692173531758726,-122.2187588448985,0.6748838666988489
2020-09-09,44.714811076918544,-122.18372454881784,0.7331586254208344
2020-09-09,44.722895914475615,-122.16863285204464,1.7551291165307776
2020-09-09,44.694329488440616,-122.21714187738708,0.6648434043970934
2020-09-09,44.71427208774807,-122.1901924188635,0.6938854604015264
2020-09-09,44.69594645595203,-122.25002021678588,0.680853190892833
2020-09-09,44.72235692530514,-122.18372454881784,0.6982650368485287
2020-09-09,44.69971938014533,-122.19612129973868,0.7026663727430955
2020-09-09,44.68947858590637,-122.20205018061388,0.700791747172044
2020-09-09,44.72612984949845,-122.17024981955603,0.7134000450145058
2020-09-09,44.72397389281656,-122.171327797897,0.7153152548559619
2020-09-09,44.71804501194137,-122.15947003614662,0.7196048496046179
2020-09-09,44.71804501194137,-122.24247436839926,1.1859302166548982
2020-09-09,44.696485445122505,-122.2209148015804,0.6702966427197788
2020-09-09,44.725051871157504,-122.16432093868086,0.740733660857624
2020-09-09,44.68624465088354,-122.20258916978436,1.9313996163408989
2020-09-09,44.69379049927014,-122.20690108314813,0.6830807491818042
2020-09-09,44.6927125209292,-122.2187588448985,0.6728412971379202
2020-09-09,44.70187533682722,-122.23385054167171,0.643422824002339
2020-09-09,44.71858400111184,-122.2473252709335,0.7070103403198256
2020-09-09,44.71804501194137,-122.17995162462454,0.68878856540842
2020-09-09,44.71211613106618,-122.171327797897,0.6994719985687515
2020-09-09,44.72828580618033,-122.16432093868086,0.718842213973702
2020-09-09,44.70079735848628,-122.23061660664888,0.6659118612437107
2020-09-09,44.706726239361466,-122.24139639005833,0.649854200807742
2020-09-09,44.7175060227709,-122.18749747301116,0.6806099907888136
2020-09-09,44.69594645595203,-122.2419353792288,1.3622649363930552
2020-09-09,44.69325151009967,-122.22199277992134,1.4403615823901663
2020-09-09,44.69163454258826,-122.21768086655756,1.4953171046071545
2020-09-09,44.71103815272524,-122.171327797897,0.8103022727106085
2020-09-09,44.72612984949845,-122.15731407946473,0.9243366121677866
2020-09-09,44.70403129350911,-122.23816245503548,0.6539910409675033
2020-09-09,44.70834320687288,-122.16971083038558,1.8531680973566984
2020-09-09,44.69055656424732,-122.20474512646624,0.6905396171528644
2020-09-09,44.712655120236654,-122.17833465711313,0.6842744392760729
2020-09-09,44.702953315168166,-122.23870144420596,0.6537253940573015
2020-09-09,44.70780421770241,-122.1885754513521,0.7370317731801191
2020-09-09,44.73960457876024,-122.15623610112378,0.654382637109701
2020-09-09,44.7175060227709,-122.12605270757736,0.6929043540582868
2020-09-09,44.73421468705553,-122.15947003614662,0.6869552103120242
2020-09-09,44.696485445122505,-122.23277256333076,0.6550737555809325
2020-09-09,44.69109555341779,-122.20312815895484,0.6884846372863969
2020-09-09,44.7099601743843,-122.19450433222728,2.101228895864743
2020-09-09,44.67923779166741,-122.19342635388634,0.6790350242170186
2020-09-09,44.71103815272524,-122.17186678706749,0.7000233190929638
2020-09-09,44.70133634765675,-122.1939653430568,0.7086446459656853
2020-09-09,44.704570282679576,-122.18695848384068,0.7493243889916029
2020-09-09,44.72020096862326,-122.17833465711313,0.675154406141705
2020-09-09,44.696485445122505,-122.199894223932,0.7081236347495026
2020-09-09,44.72720782783939,-122.14545631771436,0.6997720304519571
2020-09-09,44.716967033600426,-122.15893104697616,0.7248299136381812
2020-09-09,44.71966197945279,-122.2473252709335,0.7008646424313741
2020-09-09,44.696485445122505,-122.20258916978436,0.6973610698316624
2020-09-09,44.70834320687288,-122.19342635388634,0.7268475695144236
2020-09-09,44.72451288198703,-122.13629350181633,0.7022502208521723
2020-09-09,44.712655120236654,-122.17510072209028,0.6910049076720925
2020-09-09,44.70510927185005,-122.1826465704769,0.71848004504375
2020-09-09,44.69971938014533,-122.20905703983,1.3794683960494907
2020-09-09,44.69001757507685,-122.20043321310249,1.7231925223588864
2020-09-09,44.69540746678156,-122.19881624559105,0.7087085573392705
2020-09-09,44.70510927185005,-122.19719927807964,0.7120013526724872
2020-09-09,44.694329488440616,-122.22414873660324,0.6641125083375292
2020-09-09,44.71804501194137,-122.1826465704769,0.6975566365233611
2020-09-09,44.725590860327976,-122.1384494584982,0.6958062514524619
2020-09-09,44.70942118521383,-122.18695848384068,0.6943375151844837
2020-09-09,44.69379049927014,-122.20528411563672,0.686786203812033
2020-09-09,44.69486847761109,-122.22145379075086,0.6593299352536601
2020-09-09,44.721278946964205,-122.13252057762304,0.6858156315999723
2020-09-09,44.71157714189571,-122.17078880872651,0.6965668223877274
2020-09-09,44.716967033600426,-122.1864194946702,0.7085862940979282
2020-09-09,44.69163454258826,-122.20312815895484,0.6969505620825288
2020-09-09,44.70888219604336,-122.18749747301116,0.6908056920294464
2020-09-09,44.69594645595203,-122.21714187738708,0.6731318123198491
2020-09-09,44.721278946964205,-122.18426353798831,0.6835524465909573
2020-09-09,44.712655120236654,-122.16593790619228,0.7045448616112294
2020-09-09,44.69486847761109,-122.199894223932,0.7054858308688144
2020-09-09,44.69486847761109,-122.22360974743276,0.6583037311302601
2020-09-09,44.71103815272524,-122.17833465711313,0.692642639681432
2020-09-09,44.69810241263392,-122.2112129965119,0.6979433528234383
2020-09-09,44.70403129350911,-122.19450433222728,0.7108270762230731
2020-09-09,44.71858400111184,-122.17725667877218,1.5199381574988169
2020-09-09,44.702953315168166,-122.1939653430568,0.713052640906758
2020-09-09,44.70133634765675,-122.24301335756974,1.156094724081472
2020-09-09,44.70403129350911,-122.1885754513521,0.7125229908054181
2020-09-09,44.714811076918544,-122.18911444052256,0.7061085426350183
2020-09-09,44.70564826102052,-122.24031841171735,0.6514839215048408
2020-09-09,44.681932737519766,-122.19288736471586,0.6694703600794071
2020-09-09,44.71319410940713,-122.24139639005833,0.709346358711734
2020-09-09,44.72397389281656,-122.18318555964736,0.7106014908361143
2020-09-09,44.722895914475615,-122.17563971126076,0.7048196817728749
2020-09-09,44.69379049927014,-122.20636209397766,0.6873781556755035
2020-09-09,44.69810241263392,-122.19180938637491,0.7236456754633251
2020-09-09,44.69486847761109,-122.21768086655756,0.6622885023686038
2020-09-09,44.70780421770241,-122.19558231056824,0.7200974727438976
2020-09-09,44.71319410940713,-122.16971083038558,0.704283003691393
2020-09-09,44.71211613106618,-122.16432093868086,0.879249460193806
2020-09-09,44.70888219604336,-122.19288736471586,0.7304108841558344
2020-09-09,44.725590860327976,-122.17456173291984,0.7223037648514008
2020-09-09,44.73906558958977,-122.15947003614662,0.8348503999339807
2020-09-09,44.72181793613468,-122.24786426010398,0.6932614858695514
2020-09-09,44.70888219604336,-122.17348375457888,0.7044281462566946
2020-09-09,44.67600385664458,-122.18911444052256,0.9029423690507279
2020-09-09,44.727746817009866,-122.16809386287416,0.7145192179566364
2020-09-09,44.727746817009866,-122.1637819495104,0.7188225319001755
2020-09-09,44.7288247953508,-122.16270397116944,0.7126156734538798
2020-09-09,44.72020096862326,-122.18210758130644,0.6705929737818493
2020-09-09,44.706726239361466,-122.18965342969304,0.7340900137003703
2020-09-09,44.69702443429298,-122.23546750918312,0.6513963349412204
2020-09-09,44.71912299028232,-122.1864194946702,0.6781216281046628
2020-09-09,44.71588905525949,-122.15893104697616,0.7187764665096875
2020-09-09,44.7137330985776,-122.24409133591068,0.698019435396979
2020-09-09,44.7288247953508,-122.1670158845332,0.7165887916374003
2020-09-09,44.715350066089016,-122.1600090253171,0.7028684134218097
2020-09-09,44.72936378452128,-122.16647689536276,0.7113053155029885
2020-09-09,44.712655120236654,-122.16863285204464,0.6968343061487541
2020-09-09,44.69325151009967,-122.22468772577368,1.2443240998495033
2020-09-09,44.70834320687288,-122.171327797897,0.7073670342037033
2020-09-09,44.712655120236654,-122.18102960296548,0.6978426049780236
2020-09-09,44.727746817009866,-122.17456173291984,1.0504420873207667
2020-09-09,44.71427208774807,-122.17186678706749,0.7185631512653846
2020-09-09,44.69540746678156,-122.1977382672501,0.7215716427559936
2020-09-09,44.721278946964205,-122.15246317693048,0.7077115845050377
2020-09-09,44.70834320687288,-122.17941263545409,0.7297033876642577
2020-09-09,44.67708183498552,-122.19612129973868,0.6907039208091916
2020-09-09,44.6889395967359,-122.20151119144342,0.6903022284277139
2020-09-09,44.70079735848628,-122.19342635388634,0.7089480144826725
2020-09-09,44.725590860327976,-122.1788736462836,0.8013929770251418
2020-09-09,44.677620824156,-122.1880364621816,2.047863506391525
2020-09-09,44.71966197945279,-122.24570830342208,0.7175294365480926
2020-09-09,44.71103815272524,-122.17995162462454,0.6856740023887854
2020-09-09,44.69918039097486,-122.19612129973868,0.7010365486654566
2020-09-09,44.69971938014533,-122.23385054167171,0.634450304878091
2020-09-09,44.67654284581505,-122.19719927807964,1.6057949211555995
2020-09-09,44.72397389281656,-122.17617870043124,0.7135064573608001
2020-09-09,44.71858400111184,-122.2451693142516,0.715928324972536
2020-09-09,44.69055656424732,-122.20205018061388,0.6948939058948869
2020-09-09,44.72828580618033,-122.16647689536276,0.7142905436391752
2020-09-09,44.70618725019099,-122.2397794225469,0.6631318781663436
2020-09-09,44.72020096862326,-122.13090361011162,0.6873024150628302
2020-09-09,44.69864140180439,-122.18911444052256,0.7329092004776402
2020-09-09,44.69918039097486,-122.24139639005833,2.773542465755091
2020-09-09,44.71103815272524,-122.24301335756974,0.7052244929658182
2020-09-09,44.71858400111184,-122.15623610112378,0.7266231097563348
2020-09-09,44.716428044429954,-122.17941263545409,0.7233331994995494
2020-09-09,44.70888219604336,-122.19180938637491,0.7379601617961659
2020-09-09,44.73259771954411,-122.16485992785134,0.6840424135670261
2020-09-09,44.72397389281656,-122.1503072202486,0.6993128214379793
2020-09-09,44.68462768337213,-122.19450433222728,0.8903152454708945
2020-09-09,44.725590860327976,-122.13952743683916,0.6953273795371886
2020-09-09,44.71912299028232,-122.1826465704769,0.6817043465639638
2020-09-09,44.70834320687288,-122.17348375457888,0.7089252071567713
2020-09-09,44.69486847761109,-122.25163718429728,0.6757124267253931
2020-09-09,44.704570282679576,-122.23870144420596,0.6498889563461715
2020-09-09,44.702414325997694,-122.19450433222728,0.7076440219228471
2020-09-09,44.716428044429954,-122.16324296033991,0.7022023897659968
2020-09-09,44.70025836931581,-122.20636209397766,1.2834903019033657
2020-09-09,44.69810241263392,-122.24678628176304,0.6784410331702498
2020-09-09,44.71912299028232,-122.16216498199896,1.8293935921819942
2020-09-09,44.722895914475615,-122.14976823107811,0.7080173430393967
2020-09-09,44.70079735848628,-122.19504332139776,0.7100367130626017
2020-09-09,44.71588905525949,-122.2419353792288,1.0567499433071978
2020-09-09,44.727746817009866,-122.1675548737037,0.712014598965677
2020-09-09,44.71912299028232,-122.24570830342208,0.7196313139731552
2020-09-09,44.69594645595203,-122.21067400734142,0.6881060739938607
2020-09-09,44.7137330985776,-122.2419353792288,0.706219262127298
2020-09-09,44.69810241263392,-122.22953862830794,0.6568260525604258
2020-09-09,44.71319410940713,-122.1885754513521,0.7142263590794017
2020-09-09,44.692173531758726,-122.25379314097916,0.6797923759195025
2020-09-09,44.681393748349294,-122.19288736471586,0.6675000296739018
2020-09-09,44.714811076918544,-122.16593790619228,0.7305129723195913
2020-09-09,44.69810241263392,-122.2300776174784,0.6563395253348854
2020-09-09,44.70888219604336,-122.18210758130644,0.7147351481095454
2020-09-09,44.69702443429298,-122.22792166079653,0.6656827677695761
2020-09-09,44.714811076918544,-122.16485992785134,0.7222652515354172
2020-09-09,44.721278946964205,-122.24894223844493,0.6981849745899026
2020-09-09,44.716428044429954,-122.1653989170218,0.6831299441371367
2020-09-09,44.70187533682722,-122.19342635388634,0.7063852794975984
2020-09-09,44.69971938014533,-122.24409133591068,0.6696256588032911
2020-09-09,44.70133634765675,-122.23277256333076,0.6555083290600103
2020-09-09,44.721278946964205,-122.15300216610096,0.7088835734442641
2020-09-09,44.70133634765675,-122.23492852001266,0.6436989051459641
2020-09-09,44.72343490364609,-122.15731407946473,0.7163640445241263
2020-09-09,44.70079735848628,-122.22953862830794,0.6681246191086535
2020-09-09,44.69702443429298,-122.21821985572804,0.6859676625413091
2020-09-09,44.72612984949845,-122.15300216610096,0.6916620842861472
2020-09-09,44.71157714189571,-122.17725667877218,0.6859642374467855
2020-09-09,44.70726522853194,-122.23331155250123,1.3811033965529207
2020-09-09,44.73690963290788,-122.16054801448756,0.6969136633554222
2020-09-09,44.70564826102052,-122.23816245503548,0.6552806210561054
2020-09-09,44.69325151009967,-122.20205018061388,0.6996196950655629
2020-09-09,44.715350066089016,-122.16324296033991,0.7446927217764225
2020-09-09,44.69163454258826,-122.20690108314813,0.6851002351952656
2020-09-09,44.716428044429954,-122.15839205780568,0.7165932612893533
2020-09-09,44.69918039097486,-122.20636209397766,0.6941339686450627
2020-09-09,44.702414325997694,-122.1885754513521,0.7146917991180242
2020-09-09,44.7175060227709,-122.18965342969304,0.9198467427333742
2020-09-09,44.7137330985776,-122.16809386287416,0.698151361144521
2020-09-09,44.69109555341779,-122.20420613729576,0.6870667128082752
2020-09-09,44.69810241263392,-122.20690108314813,0.7004911548157038
2020-09-09,44.725590860327976,-122.14222238269151,0.695909867647255
2020-09-09,44.70403129350911,-122.19827725642058,0.7364439863132693
2020-09-09,44.712655120236654,-122.18049061379502,0.6883762375082432
2020-09-09,44.72720782783939,-122.171327797897,0.7267855397087751
2020-09-09,44.70726522853194,-122.17456173291984,0.8351880884370152
2020-09-09,44.68678364005401,-122.19881624559105,0.6749269421311983
2020-09-09,44.72181793613468,-122.24678628176304,0.6976886730818351
2020-09-09,44.725051871157504,-122.16485992785134,0.7382711147356386
2020-09-09,44.716967033600426,-122.16647689536276,0.7694694481195788
2020-09-09,44.72451288198703,-122.17671768960172,0.7146589265457006
2020-09-09,44.70025836931581,-122.20582310480718,0.9248955790676736
2020-09-09,44.68678364005401,-122.20312815895484,1.6410991943405653
2020-09-09,44.72235692530514,-122.17725667877218,0.700194613491181
2020-09-09,44.71858400111184,-122.16324296033991,0.7089911877312062
2020-09-09,44.725590860327976,-122.17078880872651,0.7165095183474556
2020-09-09,44.69702443429298,-122.24463032508116,0.6816246071213709
2020-09-09,44.69001757507685,-122.20797906148908,0.6843384210276736
2020-09-09,44.725590860327976,-122.17563971126076,0.717503233410903
2020-09-09,44.70780421770241,-122.17510072209028,0.7254265666137126
2020-09-09,44.70510927185005,-122.18911444052256,0.7345257966944193
2020-09-09,44.72666883866892,-122.1503072202486,0.6979522166022268
2020-09-09,44.7175060227709,-122.12713068591832,0.6936408045930041
2020-09-09,44.70187533682722,-122.19504332139776,0.702576270848797
2020-09-09,44.70564826102052,-122.1939653430568,0.7203673967458517
2020-09-09,44.7175060227709,-122.18049061379502,0.7021604505917733
2020-09-09,44.72073995779373,-122.1578530686352,0.7287186463448129
2020-09-09,44.72235692530514,-122.13467653430492,0.6960829277321354
2020-09-09,44.7099601743843,-122.17779566794266,0.6979090943201889
2020-09-09,44.72612984949845,-122.1540801444419,0.6935569326656579
2020-09-09,44.731519741203165,-122.1637819495104,0.6905509004343137
2020-09-09,44.70726522853194,-122.17995162462454,0.7231302080916788
2020-09-09,44.73421468705553,-122.16432093868086,1.793304348262332
2020-09-09,44.71966197945279,-122.17725667877218,0.6794156215167717
2020-09-09,44.714811076918544,-122.17078880872651,0.7021765872793397
2020-09-09,44.692173531758726,-122.2133689531938,0.6848992252360353
2020-09-09,44.70618725019099,-122.18588050549972,0.7348904095995213
2020-09-09,44.702414325997694,-122.2360064983536,0.6538592543941996
2020-09-09,44.72451288198703,-122.18156859213596,0.7123673788040404
2020-09-09,44.715350066089016,-122.17563971126076,0.9536782639457755
2020-09-09,44.69756342346345,-122.20690108314813,0.7053102679731702
2020-09-09,44.70564826102052,-122.19342635388634,0.721124961805961
2020-09-09,44.714811076918544,-122.16647689536276,0.7005217342611977
2020-09-09,44.721278946964205,-122.15731407946473,0.7198667867320349
2020-09-09,44.72343490364609,-122.1729447654084,0.6997453993319376
2020-09-09,44.72936378452128,-122.16863285204464,0.708810855573206
2020-09-09,44.70942118521383,-122.23492852001266,0.8644960586844244
2020-09-09,44.7385266004193,-122.15731407946473,0.6548234088965214
2020-09-09,44.72666883866892,-122.17671768960172,1.0773025020813587
2020-09-09,44.72612984949845,-122.15461913361236,0.6992337521950063
2020-09-09,44.70079735848628,-122.23277256333076,0.6596645296946791
2020-09-09,44.67708183498552,-122.18911444052256,0.7045696599329749
2020-09-09,44.696485445122505,-122.21067400734142,0.6948047310803434
2020-09-09,44.70133634765675,-122.18749747301116,0.7101924189197181
2020-09-09,44.69810241263392,-122.19612129973868,0.7108064261342041
2020-09-09,44.716967033600426,-122.16216498199896,0.7015086588099195
2020-09-09,44.727746817009866,-122.16108700365804,0.7145740088019551
2020-09-09,44.72181793613468,-122.17456173291984,0.6938539443182508
2020-09-09,44.69594645595203,-122.19666028890916,0.7281088900229438
2020-09-09,44.69109555341779,-122.20528411563672,0.6857018227604718
2020-09-09,44.7099601743843,-122.23546750918312,0.8126487249740295
2020-09-09,44.73583165456694,-122.1616259928285,0.9121797291676328
2020-09-09,44.73475367622599,-122.16324296033991,0.9368408364693707
2020-09-09,44.696485445122505,-122.24409133591068,2.3303646571011214
2020-09-09,44.725590860327976,-122.13737148015728,0.6948871874095024
2020-09-09,44.715350066089016,-122.24301335756974,0.7089823598407343
2020-09-09,44.704570282679576,-122.19073140803395,0.7116985023943999
2020-09-09,44.70349230433864,-122.23654548752408,0.6496227411204472
2020-09-09,44.69702443429298,-122.23169458498982,0.6527350414925641
2020-09-09,44.70618725019099,-122.18210758130644,0.713547628630453
2020-09-09,44.70780421770241,-122.18695848384068,0.7525514847752377
2020-09-09,44.715350066089016,-122.17995162462454,0.715368590597252
2020-09-09,44.71103815272524,-122.18588050549972,0.6981701620244027
2020-09-09,44.70510927185005,-122.23277256333076,0.9042891758893917
2020-09-09,44.716967033600426,-122.1600090253171,0.7118670053724316
2020-09-09,44.71157714189571,-122.24247436839926,0.7059464948453076
2020-09-09,44.72397389281656,-122.1653989170218,0.7486841915315049
2020-09-09,44.69810241263392,-122.20151119144342,0.6941590419088572
2020-09-09,44.69540746678156,-122.19827725642058,0.7132332766010221
2020-09-09,44.7288247953508,-122.17024981955603,0.7542276947936674
2020-09-09,44.681932737519766,-122.1923483755454,0.6734875258847522
2020-09-09,44.721278946964205,-122.15677509029426,0.7171692233988334
2020-09-09,44.706726239361466,-122.19342635388634,0.7293903021566488
2020-09-09,44.71858400111184,-122.18911444052256,1.7151595366992634
2020-09-09,44.710499163554765,-122.237623465865,0.7108655370373362
2020-09-09,44.69918039097486,-122.19504332139776,0.7034917209186675
2020-09-09,44.704570282679576,-122.19180938637491,0.7086783100173332
2020-09-09,44.7175060227709,-122.1901924188635,1.64958070956235
2020-09-09,44.722895914475615,-122.18102960296548,0.6916934037890017
2020-09-09,44.69325151009967,-122.22414873660324,2.315007612992603
2020-09-09,44.727746817009866,-122.16324296033991,0.7170910292212456
2020-09-09,44.69918039097486,-122.199894223932,0.6947974367241108
2020-09-09,44.69486847761109,-122.21013501817096,0.6900263576970853
2020-09-09,44.67815981332647,-122.19127039720443,0.6835993693350435
2020-09-09,44.69702443429298,-122.22899963913748,0.6610575608244498
2020-09-09,44.725590860327976,-122.14168339352103,0.6988452016745831
2020-09-09,44.70187533682722,-122.237623465865,0.6500590988394211
2020-09-09,44.68786161839496,-122.20205018061388,0.6960445575651201
2020-09-09,44.71103815272524,-122.19180938637491,0.7139208744552726
2020-09-09,44.721278946964205,-122.18318555964736,0.6822400689864621
2020-09-09,44.737987611248826,-122.15677509029426,0.6538893609668371
2020-09-09,44.6889395967359,-122.20097220227294,0.691104278930145
2020-09-09,44.69163454258826,-122.2149859207052,0.6898146376042648
2020-09-09,44.69702443429298,-122.21282996402331,0.6901413335987421
2020-09-09,44.692173531758726,-122.21552490987568,0.6862526869661721
2020-09-09,44.70834320687288,-122.17779566794266,0.710483088230845
2020-09-09,44.69325151009967,-122.21229097485283,0.6836570498720843
2020-09-09,44.69810241263392,-122.19935523476153,0.6935942078360529
2020-09-09,44.71858400111184,-122.16432093868086,0.8994001167097313
2020-09-09,44.714811076918544,-122.17995162462454,0.7216324422865344
2020-09-09,44.71858400111184,-122.18372454881784,0.6968001526586369
2020-09-09,44.7137330985776,-122.17186678706749,0.7038984901861112
2020-09-09,44.71319410940713,-122.17995162462454,0.7220192706540344
2020-09-09,44.702414325997694,-122.23870144420596,0.6568501815560873
2020-09-09,44.6927125209292,-122.21013501817096,0.6874247042858791
2020-09-09,44.71804501194137,-122.2435523467402,0.7132483598810326
2020-09-09,44.68947858590637,-122.20258916978436,0.7027974363921071
2020-09-09,44.704570282679576,-122.23331155250123,0.659771276099486
2020-09-09,44.725590860327976,-122.17348375457888,0.7227809923116592
2020-09-09,44.68031577000835,-122.19180938637491,0.6862489024041247
2020-09-09,44.71319410940713,-122.2435523467402,0.703047688172373
2020-09-09,44.7137330985776,-122.15947003614662,0.7975638547130653
2020-09-09,44.70079735848628,-122.19881624559105,0.7033458151222112
2020-09-09,44.69540746678156,-122.22684368245558,0.6566678952208443
2020-09-09,44.692173531758726,-122.2112129965119,0.6898429528663952
2020-09-09,44.71103815272524,-122.24085740088783,0.7038105360256935
2020-09-09,44.68786161839496,-122.20258916978436,0.698809068632719
2020-09-09,44.722895914475615,-122.18426353798831,0.6922357814993965
2020-09-09,44.70726522853194,-122.18695848384068,0.7307446452769809
2020-09-09,44.72020096862326,-122.13036462094114,0.746493161265238
2020-09-09,44.702953315168166,-122.18965342969304,0.7140429629119525
2020-09-09,44.69756342346345,-122.20366714812528,0.7010180932639225
2020-09-09,44.71858400111184,-122.1292866426002,0.6891804285129174
2020-09-09,44.72828580618033,-122.15947003614662,0.7091001891094826
2020-09-09,44.69594645595203,-122.2166028882166,0.6747545605250604
2020-09-09,44.69379049927014,-122.21013501817096,0.6839937985734581
2020-09-09,44.70618725019099,-122.19342635388634,0.7215549538023954
2020-09-09,44.70618725019099,-122.18480252715878,0.7376327514712999
2020-09-09,44.725051871157504,-122.14168339352103,0.6950383063430625
2020-09-09,44.725051871157504,-122.17078880872651,0.7320405787195553
2020-09-09,44.69864140180439,-122.20690108314813,0.7004748474102387
2020-09-09,44.73637064373741,-122.1600090253171,0.6602260146253114
2020-09-09,44.725590860327976,-122.16863285204464,0.7273173779271581
2020-09-09,44.69810241263392,-122.23438953084218,0.6443775923105148
2020-09-09,44.71319410940713,-122.17078880872651,0.6930173019962196
2020-09-09,44.70079735848628,-122.23654548752408,0.6433111950934874
2020-09-09,44.72666883866892,-122.1443783393734,0.6912973524027589
2020-09-09,44.69971938014533,-122.1923483755454,0.7114756859941911
2020-09-09,44.72828580618033,-122.17186678706749,0.7192471973799212
2020-09-09,44.69756342346345,-122.2225317690918,0.678335577936331
2020-09-09,44.712655120236654,-122.1670158845332,0.7004712333725938
2020-09-09,44.72828580618033,-122.17402274374936,0.8834352793340048
2020-09-09,44.710499163554765,-122.17671768960172,0.7071261811691084
2020-09-09,44.725590860327976,-122.1653989170218,0.7406550877817699
2020-09-09,44.70079735848628,-122.24031841171735,0.653890020273227
2020-09-09,44.72612984949845,-122.16324296033991,0.729375008144532
2020-09-09,44.72612984949845,-122.1691718412151,0.7239810611723992
2020-09-09,44.71966197945279,-122.1503072202486,0.7166976484138833
2020-09-09,44.67977678083789,-122.19288736471586,0.679804118649468
2020-09-09,44.68462768337213,-122.19719927807964,0.6728947401059049
2020-09-09,44.71912299028232,-122.13090361011162,0.6934123504912292
2020-09-09,44.70834320687288,-122.19073140803395,0.7304767504973838
2020-09-09,44.69918039097486,-122.2322335741603,0.6554996325835618
2020-09-09,44.70834320687288,-122.23924043337642,0.7097476232529806
2020-09-09,44.72020096862326,-122.18534151632926,0.6724458043562688
2020-09-09,44.72181793613468,-122.17671768960172,0.6948962560142612
2020-09-09,44.69001757507685,-122.20205018061388,0.6880910230425245
2020-09-09,44.69971938014533,-122.24624729259256,0.6781646424447815
2020-09-09,44.725051871157504,-122.17617870043124,0.7001988815136821
2020-09-09,44.725051871157504,-122.1389884476687,0.699295225463375
2020-09-09,44.70888219604336,-122.23385054167171,1.449095262358921
2020-09-09,44.70403129350911,-122.18965342969304,0.7114758116659777
2020-09-09,44.72343490364609,-122.1352155234754,0.7017906015263289
2020-09-09,44.69918039097486,-122.1901924188635,0.7373670321835432
2020-09-09,44.72343490364609,-122.18534151632926,0.9243948495913794
2020-09-09,44.69325151009967,-122.22037581240993,0.6702576483899064
2020-09-09,44.722895914475615,-122.24840324927445,1.0709425392488587
2020-09-09,44.70079735848628,-122.23708447669456,0.6478107842425538
2020-09-09,44.712655120236654,-122.24301335756974,0.7037950185157917
2020-09-09,44.69702443429298,-122.19288736471586,0.7099092223589306
2020-09-09,44.69163454258826,-122.20474512646624,0.6884233973650714
2020-09-09,44.69702443429298,-122.2451693142516,1.405342556090585
2020-09-09,44.69379049927014,-122.2187588448985,0.6750710658823252
2020-09-09,44.72343490364609,-122.14976823107811,0.705197412820042
2020-09-09,44.72666883866892,-122.1540801444419,0.8584318752008848
2020-09-09,44.69810241263392,-122.1885754513521,0.755903025591349
2020-09-09,44.7137330985776,-122.16108700365804,0.7023713371182762
2020-09-09,44.72990277369175,-122.16324296033991,0.705836242267409
2020-09-09,44.72666883866892,-122.14545631771436,0.6901751578229116
2020-09-09,44.71427208774807,-122.16863285204464,0.6885080673143186
2020-09-09,44.69325151009967,-122.21768086655756,0.6745477603236797
2020-09-09,44.73313670871458,-122.1637819495104,0.66582015313126
2020-09-09,44.70942118521383,-122.18426353798831,0.7010622919245841
2020-09-09,44.69379049927014,-122.2510981951268,0.6766077530005654
2020-09-09,44.727746817009866,-122.1691718412151,0.71162038925697
2020-09-09,44.696485445122505,-122.20905703983,0.7005704516292248
2020-09-09,44.72073995779373,-122.15893104697616,1.015641321215485
2020-09-09,44.70726522853194,-122.17941263545409,0.7287436146640613
2020-09-09,44.69971938014533,-122.20851805065952,0.9193012710270262
2020-09-09,44.69864140180439,-122.1939653430568,0.7130732586589325
2020-09-09,44.696485445122505,-122.2149859207052,0.6825463745733048
2020-09-09,44.72666883866892,-122.1465342960553,0.6873983123522837
2020-09-09,44.702953315168166,-122.24031841171735,0.6540117516163442
2020-09-09,44.702953315168166,-122.24085740088783,0.6519042220258962
2020-09-09,44.716967033600426,-122.16863285204464,1.6062939619441325
2020-09-09,44.71912299028232,-122.16054801448756,0.7302881556228142
2020-09-09,44.70025836931581,-122.20151119144342,0.6998302083293969
2020-09-09,44.6851666725426,-122.19558231056824,1.9327477346112487
2020-09-09,44.69325151009967,-122.25379314097916,1.892662951668891
2020-09-09,44.70942118521383,-122.24139639005833,0.6996021743422529
2020-09-09,44.692173531758726,-122.20851805065952,0.6884385873069591
2020-09-09,44.715350066089016,-122.17186678706749,0.7104298620098676
2020-09-09,44.714811076918544,-122.15677509029426,0.7269492635281838
2020-09-09,44.72181793613468,-122.15461913361236,0.7141591157723292
2020-09-09,44.7099601743843,-122.18965342969304,0.7072056878593769
2020-09-09,44.69325151009967,-122.21552490987568,0.6750183156164566
2020-09-09,44.706726239361466,-122.18426353798831,0.7528091222006307
2020-09-09,44.684088694201655,-122.19827725642058,0.8969477690310242
2020-09-09,44.70349230433864,-122.19881624559105,1.227461586401567
2020-09-09,44.72181793613468,-122.15192418776002,0.7124566699848451
2020-09-09,44.73044176286222,-122.16432093868086,0.7039012025157088
2020-09-09,44.71858400111184,-122.2494812276154,0.693757345933687
2020-09-09,44.72181793613468,-122.15300216610096,0.7061035267772177
2020-09-09,44.70726522853194,-122.18480252715878,0.7606009982609938
2020-09-09,44.70780421770241,-122.24247436839926,1.0271833623832771
2020-09-09,44.70564826102052,-122.18749747301116,0.7271677727690687
2020-09-09,44.69810241263392,-122.22630469328512,0.6703288493519578
2020-09-09,44.69540746678156,-122.21444693153472,0.6801651164279976
2020-09-09,44.69971938014533,-122.2419353792288,0.6667616155916024
2020-09-09,44.692173531758726,-122.21444693153472,0.6893957693829156
2020-09-09,44.706726239361466,-122.19666028890916,0.7089726374936072
2020-09-09,44.72936378452128,-122.16971083038558,0.7134328031795314
2020-09-09,44.69540746678156,-122.21768086655756,0.6599567636430055
2020-09-09,44.716428044429954,-122.12659169674784,0.7554044558002655
2020-09-09,44.72936378452128,-122.16809386287416,0.7085162180227207
2020-09-09,44.69756342346345,-122.22199277992134,0.6816081381267447
2020-09-09,44.70187533682722,-122.19558231056824,0.7103223558643628
2020-09-09,44.70187533682722,-122.23331155250123,0.649983808250535
2020-09-09,44.73637064373741,-122.15731407946473,0.7536419406789054
2020-09-09,44.727746817009866,-122.1616259928285,0.7149139536879251
2020-09-09,44.72073995779373,-122.18318555964736,0.6956352901494283
2020-09-09,44.72397389281656,-122.17725667877218,0.7195849831756234
2020-09-09,44.696485445122505,-122.20636209397766,0.7000216347637053
2020-09-09,44.69756342346345,-122.2209148015804,1.3419175208172387
2020-09-09,44.7099601743843,-122.17240577623794,0.6968169094489077
2020-09-09,44.69109555341779,-122.21606389904616,0.690369863882751
2020-09-09,44.710499163554765,-122.19342635388634,0.8051251802800361
2020-09-09,44.73475367622599,-122.16054801448756,0.6651766897434456
2020-09-09,44.725590860327976,-122.14545631771436,0.6933159996706695
2020-09-09,44.70888219604336,-122.17078880872651,1.1972989488890406
2020-09-09,44.7175060227709,-122.15839205780568,0.724079499863582
2020-09-09,44.69379049927014,-122.21606389904616,0.6728885449729591
2020-09-09,44.71804501194137,-122.18372454881784,0.7016094204568349
2020-09-09,44.715350066089016,-122.16432093868086,0.7206810278832216
2020-09-09,44.72181793613468,-122.18049061379502,0.6876830895820455
2020-09-09,44.69486847761109,-122.20582310480718,0.6844752868724635
2020-09-09,44.70025836931581,-122.19342635388634,0.7052633422900941
2020-09-09,44.70133634765675,-122.20420613729576,1.4280390067897142
2020-09-09,44.69971938014533,-122.19180938637491,0.7133866434620205
2020-09-09,44.72612984949845,-122.16809386287416,0.7279784155821084
2020-09-09,44.704570282679576,-122.18318555964736,0.7192459335273066
2020-09-09,44.7288247953508,-122.15839205780568,0.9139795637059918
2020-09-09,44.68085475917882,-122.1923483755454,0.6772718929476934
2020-09-09,44.716967033600426,-122.13036462094114,1.5116114805158052
2020-09-09,44.72666883866892,-122.15138519858954,0.6953922703710637
2020-09-09,44.71211613106618,-122.16324296033991,0.6885754366821677
2020-09-09,44.72720782783939,-122.14114440435058,0.7875930848060334
2020-09-09,44.69594645595203,-122.20312815895484,0.6938269132246127
2020-09-09,44.72666883866892,-122.14922924190763,0.6972914053059716
2020-09-09,44.71966197945279,-122.15731407946473,0.7276267254852856
2020-09-09,44.71804501194137,-122.15839205780568,0.7288792385234626
2020-09-09,44.69055656424732,-122.21067400734142,0.6861435455975958
2020-09-09,44.71588905525949,-122.18102960296548,0.7054532251055725
2020-09-09,44.72828580618033,-122.1465342960553,0.7826855085434082
2020-09-09,44.68624465088354,-122.19881624559105,0.6752226335276923
2020-09-09,44.73098075203269,-122.16216498199896,0.6923933981519937
2020-09-09,44.71157714189571,-122.17779566794266,0.6863401455781474
2020-09-09,44.71427208774807,-122.1670158845332,0.695878833469832
2020-09-09,44.72612984949845,-122.17186678706749,0.7253351267674357
2020-09-09,44.702414325997694,-122.19935523476153,0.7100573277475941
2020-09-09,44.71588905525949,-122.1675548737037,0.6856950764301523
2020-09-09,44.70834320687288,-122.18480252715878,0.7691655316326395
2020-09-09,44.716967033600426,-122.25002021678588,0.686868654930096
2020-09-09,44.716428044429954,-122.2451693142516,0.7011434602317527
2020-09-09,44.72451288198703,-122.18210758130644,0.712100757550663
2020-09-09,44.71966197945279,-122.18480252715878,0.6794686199717256
2020-09-09,44.70618725019099,-122.19288736471586,0.7254173056997106
2020-09-09,44.70025836931581,-122.24624729259256,2.2006669215271923
2020-09-09,44.72235692530514,-122.1352155234754,1.4109229552729303
2020-09-09,44.71804501194137,-122.12874765342973,0.6912379117277667
2020-09-09,44.710499163554765,-122.17617870043124,0.6986595974251407
2020-09-09,44.7137330985776,-122.17402274374936,0.7124890589367016
2020-09-09,44.70403129350911,-122.19612129973868,0.7098769257140184
2020-09-09,44.69864140180439,-122.19666028890916,0.7026269816589621
2020-09-09,44.70025836931581,-122.19558231056824,0.7125376111673873
2020-09-09,44.69971938014533,-122.2451693142516,0.6761987022315059
2020-09-09,44.696485445122505,-122.2510981951268,1.9102644148833048
2020-09-09,44.69756342346345,-122.199894223932,0.7387037121623126
2020-09-09,44.70079735848628,-122.24409133591068,0.6728287615187707
2020-09-09,44.71858400111184,-122.17779566794266,0.6901881121505871
2020-09-09,44.696485445122505,-122.1977382672501,0.7136064479780752
2020-09-09,44.69594645595203,-122.20636209397766,0.6954121871907973
2020-09-09,44.710499163554765,-122.19288736471586,0.7290667632964608
2020-09-09,44.70726522853194,-122.23708447669456,0.7015484648545627
2020-09-09,44.70349230433864,-122.19612129973868,0.7212443482009363
2020-09-09,44.70834320687288,-122.23870144420596,0.7145827995178488
2020-09-09,44.73313670871458,-122.16485992785134,0.745276245994892
2020-09-09,44.70187533682722,-122.19073140803395,0.7127362299680343
2020-09-09,44.73044176286222,-122.16485992785134,0.7029258032021772
2020-09-09,44.69594645595203,-122.21929783406898,0.6577389431862878
2020-09-09,44.69540746678156,-122.22468772577368,0.6555375429605
2020-09-09,44.69163454258826,-122.25379314097916,0.6791091895436926
2020-09-09,44.73098075203269,-122.1616259928285,0.6906597516020697
2020-09-09,44.731519741203165,-122.16593790619228,0.6974549135150248
2020-09-09,44.725590860327976,-122.16647689536276,0.737155942532867
2020-09-09,44.68247172669024,-122.19558231056824,0.6712890121561117
2020-09-09,44.696485445122505,-122.21929783406898,0.6728957652226408
2020-09-09,44.72451288198703,-122.17348375457888,0.7098476787452569
2020-09-09,44.72397389281656,-122.18426353798831,0.7174741337840569
2020-09-09,44.71858400111184,-122.24786426010398,0.6986700664916664
2020-09-09,44.71103815272524,-122.1729447654084,0.6922221111137726
2020-09-09,44.6927125209292,-122.20851805065952,0.6837938558409843
2020-09-09,44.716967033600426,-122.18965342969304,0.6829391994754486
2020-09-09,44.71804501194137,-122.2473252709335,0.698180027370549
2020-09-09,44.716967033600426,-122.18372454881784,0.7010692207723423
2020-09-09,44.70079735848628,-122.19558231056824,0.7143119917519887
2020-09-09,44.702414325997694,-122.19666028890916,0.7044443272461216
2020-09-09,44.712655120236654,-122.18156859213596,0.6890146845405131
2020-09-09,44.72990277369175,-122.1616259928285,0.7035639414182009
2020-09-09,44.72451288198703,-122.16485992785134,0.7425270208781887
2020-09-09,44.72073995779373,-122.15138519858954,0.7177142780151187
2020-09-09,44.6851666725426,-122.20043321310249,1.8393611507336889
2020-09-09,44.72235692530514,-122.1864194946702,0.8985026030383443
2020-09-09,44.70942118521383,-122.1729447654084,0.7011209563916204
2020-09-09,44.72073995779373,-122.17833465711313,0.6770892496894657
2020-09-09,44.71103815272524,-122.24409133591068,2.0123841275227807
2020-09-09,44.704570282679576,-122.19288736471586,0.7121542322408987
2020-09-09,44.714811076918544,-122.16054801448756,0.7008160294785127
2020-09-09,44.72720782783939,-122.1465342960553,0.6961799185904134
2020-09-09,44.70079735848628,-122.19612129973868,0.7161392524075326
2020-09-09,44.72235692530514,-122.17671768960172,0.7050520830662635
2020-09-09,44.71319410940713,-122.16270397116944,0.6851790109107685
2020-09-09,44.71427208774807,-122.1691718412151,0.696563184428304
2020-09-09,44.68301071586071,-122.19450433222728,0.6722676793652178
2020-09-09,44.69486847761109,-122.21067400734142,0.6854919592847976
2020-09-09,44.70834320687288,-122.17240577623794,0.6961033331479327
2020-09-09,44.722895914475615,-122.24894223844493,0.9744394549129554
2020-09-09,44.716967033600426,-122.24409133591068,0.7066829764875666
2020-09-09,44.69810241263392,-122.20905703983,0.6970968556149352
2020-09-09,44.706726239361466,-122.19504332139776,0.7157287852566546
2020-09-09,44.69702443429298,-122.21390794236426,0.6888198506449628
2020-09-09,44.716967033600426,-122.18426353798831,0.7015024821458072
2020-09-09,44.721278946964205,-122.1826465704769,0.6794275632398699
2020-09-09,44.69702443429298,-122.20312815895484,0.7016453337938424
2020-09-09,44.69325151009967,-122.20258916978436,0.6956434671459817
2020-09-09,44.72073995779373,-122.17779566794266,0.6804879032028744
2020-09-09,44.710499163554765,-122.17941263545409,0.6911498821223764
2020-09-09,44.69702443429298,-122.24786426010398,0.6782409540078271
2020-09-09,44.704570282679576,-122.18372454881784,0.7178455198875943
2020-09-09,44.70133634765675,-122.23546750918312,0.6433868703515531
2020-09-09,44.71804501194137,-122.12605270757736,1.2146508842833432
2020-09-09,44.72666883866892,-122.1670158845332,0.728213126422647
2020-09-09,44.70510927185005,-122.18480252715878,0.7237770937729472
2020-09-09,44.71103815272524,-122.2435523467402,0.7025247755541681
2020-09-09,44.70780421770241,-122.17456173291984,0.7272099814379014
2020-09-09,44.67438688913316,-122.19666028890916,1.1159219262032014
2020-09-09,44.7099601743843,-122.24139639005833,0.7104531869656286
2020-09-09,44.706726239361466,-122.1826465704769,0.7190854063625609
2020-09-09,44.715350066089016,-122.2435523467402,0.7078975807476614
2020-09-09,44.70079735848628,-122.1901924188635,0.7092916199495384
2020-09-09,44.71804501194137,-122.13144259928208,0.9531384528665403
2020-09-09,44.71804501194137,-122.17779566794266,0.7074108866065881
2020-09-09,44.69594645595203,-122.24840324927445,0.6771514369886409
2020-09-09,44.710499163554765,-122.17779566794266,0.7000589265801646
2020-09-09,44.69756342346345,-122.2473252709335,0.6720128684859716
2020-09-09,44.7288247953508,-122.171327797897,1.176293985632202
2020-09-09,44.70780421770241,-122.18102960296548,0.7483018819355293
2020-09-09,44.70079735848628,-122.18749747301116,0.715006606435552
2020-09-09,44.69109555341779,-122.21175198568235,0.6880743212178692
2020-09-09,44.69971938014533,-122.19504332139776,0.6995932707791388
2020-09-09,44.69756342346345,-122.19342635388634,0.7100313519894516
2020-09-09,44.721278946964205,-122.24570830342208,1.1756272396131406
2020-09-09,44.70133634765675,-122.19450433222728,0.7022680413293693
2020-09-09,44.72181793613468,-122.24840324927445,0.6954245671056236
2020-09-09,44.70564826102052,-122.23870144420596,0.6577740665555788
2020-09-09,44.71427208774807,-122.16270397116944,0.6979820006145286
2020-09-09,44.70834320687288,-122.1880364621816,0.7421651611103605
2020-09-09,44.70942118521383,-122.23654548752408,0.7144413191912051
2020-09-09,44.6889395967359,-122.20043321310249,0.692583958917346
2020-09-09,44.71912299028232,-122.15893104697616,0.7269557911137604
2020-09-09,44.69594645595203,-122.22199277992134,0.6544560032241686
2020-09-09,44.71858400111184,-122.16108700365804,0.7247464483114281
2020-09-09,44.70187533682722,-122.2360064983536,0.6529898587128812
2020-09-09,44.725051871157504,-122.16647689536276,0.742380373005235
2020-09-09,44.71211613106618,-122.24301335756974,0.7094130993529861
2020-09-09,44.725051871157504,-122.16809386287416,0.7354583786316682
2020-09-09,44.72828580618033,-122.16216498199896,0.7188458683812526
2020-09-09,44.70025836931581,-122.24247436839926,0.6656219357737718
2020-09-09,44.725051871157504,-122.17995162462454,0.8352023731876473
2020-09-09,44.70618725019099,-122.23385054167171,0.6801425592618925
2020-09-09,44.73475367622599,-122.16216498199896,0.6822577807606771
2020-09-09,44.71588905525949,-122.18480252715878,0.7293860831793066
2020-09-09,44.72612984949845,-122.1465342960553,0.6864328573238544
2020-09-09,44.69001757507685,-122.21229097485283,0.6894193104459309
2020-09-09,44.68624465088354,-122.19719927807964,0.6832275577239849
2020-09-09,44.706726239361466,-122.1880364621816,0.7249997068585678
2020-09-09,44.72181793613468,-122.15084620941909,0.712004852464865
2020-09-09,44.71912299028232,-122.17725667877218,1.1944033533097853
2020-09-09,44.71157714189571,-122.2419353792288,0.7042489171261224
2020-09-09,44.722895914475615,-122.15623610112378,0.711632804022342
2020-09-09,44.725051871157504,-122.18480252715878,1.16772441362846
2020-09-09,44.70888219604336,-122.23816245503548,0.7210889483198551
2020-09-09,44.72612984949845,-122.14330036103246,0.691904834140506
2020-09-09,44.702414325997694,-122.24085740088783,0.6578544280040302
2020-09-09,44.72073995779373,-122.18534151632926,1.0245043165143877
2020-09-09,44.725051871157504,-122.1616259928285,0.7688671149314775
2020-09-09,44.716428044429954,-122.16809386287416,0.6971075817760423
2020-09-09,44.73583165456694,-122.15947003614662,0.6638710850351452
2020-09-09,44.68840060756543,-122.20205018061388,0.6882521853000969
2020-09-09,44.70780421770241,-122.17995162462454,0.7324257368479198
2020-09-09,44.715350066089016,-122.19073140803395,0.8104802724517075
2020-09-09,44.72020096862326,-122.15947003614662,0.8019500404087445
2020-09-09,44.696485445122505,-122.21714187738708,0.6781182011562592
2020-09-09,44.72181793613468,-122.15623610112378,0.7132897704635128
2020-09-09,44.696485445122505,-122.20097220227294,0.7029122178465635
2020-09-09,44.70133634765675,-122.20097220227294,0.6955571990156859
2020-09-09,44.68624465088354,-122.19935523476153,0.6739410031083479
2020-09-09,44.735292665396464,-122.15947003614662,0.667451114826318
2020-09-09,44.71211613106618,-122.1864194946702,0.708722626285407
2020-09-09,44.72451288198703,-122.17941263545409,0.7064723305836659
2020-09-09,44.70618725019099,-122.23870144420596,0.6630438539004008
2020-09-09,44.69810241263392,-122.23492852001266,0.653198930088287
2020-09-09,44.72666883866892,-122.16809386287416,0.7183434744788326
2020-09-09,44.71804501194137,-122.15354115527144,0.7383294033531781
2020-09-09,44.70349230433864,-122.18749747301116,0.7093675265136203
2020-09-09,44.71211613106618,-122.2419353792288,0.7070805484904656
2020-09-09,44.714811076918544,-122.2419353792288,0.7049653434677045
2020-09-09,44.7175060227709,-122.16108700365804,0.7083318540982626
2020-09-09,44.704570282679576,-122.1901924188635,0.7219476966733482
2020-09-09,44.6927125209292,-122.20420613729576,0.6937140418641672
2020-09-09,44.72451288198703,-122.15084620941909,0.6952248875197184
2020-09-09,44.696485445122505,-122.19342635388634,0.886828699143839
2020-09-09,44.69540746678156,-122.19666028890916,0.7255449695061886
2020-09-09,44.69702443429298,-122.20959602900048,0.6998157557103816
2020-09-09,44.69163454258826,-122.21282996402331,0.6870991336628082
2020-09-09,44.69379049927014,-122.21229097485283,0.6786567344014928
2020-09-09,44.694329488440616,-122.20366714812528,0.6981238249273073
2020-09-09,44.721278946964205,-122.15138519858954,0.7101447569285164
2020-09-09,44.7137330985776,-122.1864194946702,0.6857358178903031
2020-09-09,44.7137330985776,-122.24624729259256,1.7098356387497977
2020-09-09,44.702953315168166,-122.1977382672501,0.703556196474681
2020-09-09,44.702414325997694,-122.24139639005833,0.6500826431311794
2020-09-09,44.71804501194137,-122.1788736462836,0.6944130035137751
2020-09-09,44.692173531758726,-122.2166028882166,0.680550628104627
2020-09-09,44.72073995779373,-122.1330595667935,0.6961907438757216
2020-09-09,44.71427208774807,-122.18318555964736,0.7196967775735523
2020-09-09,44.70834320687288,-122.19288736471586,0.7263334447439579
2020-09-09,44.692173531758726,-122.21768086655756,0.6787344481947661
2020-09-09,44.69540746678156,-122.20097220227294,0.7034932896314895
2020-09-09,44.72020096862326,-122.15192418776002,0.7164807005874305
2020-09-09,44.69864140180439,-122.2322335741603,0.6465302257785257
2020-09-09,44.72828580618033,-122.1616259928285,0.7193578278991363
2020-09-09,44.72020096862326,-122.24624729259256,0.7030054725338883
2020-09-09,44.69918039097486,-122.24463032508116,0.673196077219096
2020-09-09,44.72612984949845,-122.14545631771436,0.6901781831717912
2020-09-09,44.69702443429298,-122.2187588448985,0.6781969464493119
2020-09-09,44.694329488440616,-122.20851805065952,0.6840829897906714
2020-09-09,44.70780421770241,-122.1923483755454,0.7193608472668209
2020-09-09,44.716428044429954,-122.19073140803395,0.9152110124962719
2020-09-09,44.69971938014533,-122.1880364621816,0.7669944305116948
2020-09-09,44.69163454258826,-122.21390794236426,0.6915987316769125
2020-09-09,44.725051871157504,-122.14922924190763,0.6961882371357242
2020-09-09,44.716428044429954,-122.1885754513521,0.6967235801597758
2020-09-09,44.69702443429298,-122.20151119144342,0.7669511551433065
2020-09-09,44.73637064373741,-122.1578530686352,0.7480733239358502
2020-09-09,44.70510927185005,-122.1885754513521,0.7463954724338913
2020-09-09,44.72020096862326,-122.18318555964736,0.6772564352208121
2020-09-09,44.69379049927014,-122.21390794236426,0.6770391270203798
2020-09-09,44.71157714189571,-122.18318555964736,0.6995401209462074
2020-09-09,44.68786161839496,-122.19881624559105,0.6893746696553958
2020-09-09,44.72612984949845,-122.1600090253171,0.7164208085286783
2020-09-09,44.70942118521383,-122.24247436839926,1.1427475654939845
2020-09-09,44.72666883866892,-122.16108700365804,0.7510106409350521
2020-09-09,44.702414325997694,-122.18749747301116,0.7082652986466954
2020-09-09,44.7175060227709,-122.24624729259256,0.6895947789555775
2020-09-09,44.696485445122505,-122.21175198568235,0.6945716041832473
2020-09-09,44.72720782783939,-122.14491732854388,0.6958382712069716
2020-09-09,44.72720782783939,-122.14222238269151,0.6894652267203089
2020-09-09,44.7137330985776,-122.18318555964736,0.7019214304001665
2020-09-09,44.716967033600426,-122.12874765342973,0.6923861133378898
2020-09-09,44.70349230433864,-122.23492852001266,0.6547585120233141
2020-09-09,44.694329488440616,-122.21444693153472,0.6786421111236041
2020-09-09,44.714811076918544,-122.1675548737037,0.6773770377164597
2020-09-09,44.69864140180439,-122.23654548752408,0.6514574491097622
2020-09-09,44.71588905525949,-122.15839205780568,0.7212061605295155
2020-09-09,44.712655120236654,-122.24247436839926,0.7083306607203166
2020-09-09,44.69109555341779,-122.2166028882166,0.6885155933330148
2020-09-09,44.69379049927014,-122.22468772577368,0.6645027007128677
2020-09-09,44.72720782783939,-122.1670158845332,0.7246088244527776
2020-09-09,44.69918039097486,-122.19288736471586,0.7110196660576235
2020-09-09,44.69918039097486,-122.2419353792288,0.673384488568577
2020-09-09,44.70025836931581,-122.18695848384068,0.7171101743294039
2020-09-09,44.72397389281656,-122.15569711195332,0.7079478612629728
2020-09-09,44.71912299028232,-122.15084620941909,1.3961661095990447
2020-09-09,44.71211613106618,-122.17725667877218,0.6843299859025895
2020-09-09,44.71804501194137,-122.18749747301116,0.6791345556978984
2020-09-09,44.69918039097486,-122.21013501817096,0.6972562429243407
2020-09-09,44.69001757507685,-122.20851805065952,0.6844117666640451
2020-09-09,44.70888219604336,-122.24085740088783,0.7065108770985663
2020-09-09,44.73906558958977,-122.15839205780568,0.6543091347470664
2020-09-09,44.70564826102052,-122.1901924188635,0.7171127232942216
2020-09-09,44.72343490364609,-122.18049061379502,0.6973744333802319
2020-09-09,44.704570282679576,-122.237623465865,0.6528577816072278
2020-09-09,44.71211613106618,-122.23816245503548,2.677209095579635
2020-09-09,44.69325151009967,-122.20528411563672,0.690296388960507
2020-09-09,44.69540746678156,-122.21714187738708,0.6660644534918428
2020-09-09,44.70187533682722,-122.23924043337642,0.6503709250063405
2020-09-09,44.70403129350911,-122.1864194946702,0.7215616925625647
2020-09-09,44.70888219604336,-122.18102960296548,0.7183444822759915
2020-09-09,44.721278946964205,-122.15839205780568,1.07478671025604
2020-09-09,44.715350066089016,-122.18049061379502,0.7082832463481495
2020-09-09,44.7137330985776,-122.1788736462836,0.6989457922588753
2020-09-09,44.70726522853194,-122.19180938637491,0.741850918040762
2020-09-09,44.71157714189571,-122.24409133591068,1.1085767839275416
2020-09-09,44.71319410940713,-122.2419353792288,0.7128162608473796
2020-09-09,44.69864140180439,-122.22576570411464,0.6915709450108016
2020-09-09,44.71157714189571,-122.18695848384068,0.70480446945034
2020-09-09,44.71588905525949,-122.1885754513521,0.7067318723497185
2020-09-09,44.704570282679576,-122.1864194946702,0.7289302227875447
2020-09-09,44.733675697885054,-122.16485992785134,1.1573887251399786
2020-09-09,44.7137330985776,-122.17348375457888,0.7038132190485338
2020-09-09,44.71103815272524,-122.1901924188635,0.7119641242288207
2020-09-09,44.69594645595203,-122.22738267162605,0.6549077529693897
2020-09-09,44.69702443429298,-122.22414873660324,0.6687239156229006
2020-09-09,44.69379049927014,-122.22199277992134,0.6652063988415863
2020-09-09,44.72235692530514,-122.1330595667935,0.6840018477377536
2020-09-09,44.737448622078354,-122.15947003614662,0.6593567976385473
2020-09-09,44.69918039097486,-122.22792166079653,0.66784839863184
2020-09-09,44.715350066089016,-122.1578530686352,0.7216664635725221
2020-09-09,44.72612984949845,-122.17563971126076,0.7127842212652499
2020-09-09,44.712655120236654,-122.2451693142516,1.6304913216319328
2020-09-09,44.72612984949845,-122.1406054151801,0.6920490838170997
2020-09-09,44.71588905525949,-122.18426353798831,0.7314635560152271
2020-09-09,44.69540746678156,-122.20474512646624,0.6924572874660075
2020-09-09,44.72828580618033,-122.14869025273718,0.8753542619373705
2020-09-09,44.69594645595203,-122.21229097485283,0.6883813084191701
2020-09-09,44.71427208774807,-122.24409133591068,0.7024871158532615
2020-09-09,44.694329488440616,-122.19935523476153,1.0897548348340487
2020-09-09,44.69001757507685,-122.20258916978436,0.7001971672170064
2020-09-09,44.71966197945279,-122.15300216610096,0.7210315523791417
2020-09-09,44.696485445122505,-122.22414873660324,0.6578660048322359
2020-09-09,44.71588905525949,-122.16432093868086,0.7209484400764902
2020-09-09,44.70726522853194,-122.1788736462836,0.7197404122127615
2020-09-09,44.68732262922448,-122.20043321310249,0.6835585241970255
2020-09-09,44.69540746678156,-122.21821985572804,0.6573806063115968
2020-09-09,44.69594645595203,-122.24301335756974,0.6775818564467145
2020-09-09,44.70510927185005,-122.23708447669456,0.6547426380489908
2020-09-09,44.69702443429298,-122.19342635388634,0.7094938609974614
2020-09-09,44.7099601743843,-122.18480252715878,0.6972166056850936
2020-09-09,44.70834320687288,-122.23546750918312,0.7199784374106206
2020-09-09,44.67869880249694,-122.19504332139776,0.6842433214913656
2020-09-09,44.714811076918544,-122.16809386287416,0.6808704665039927
2020-09-09,44.722895914475615,-122.15731407946473,0.7154496214511628
2020-09-09,44.725051871157504,-122.14330036103246,0.6954809039061655
2020-09-09,44.72666883866892,-122.14330036103246,0.6927091028379526
2020-09-09,44.696485445122505,-122.22037581240993,0.6697123443516102
2020-09-09,44.72073995779373,-122.1600090253171,1.0197575637522287
2020-09-09,44.72343490364609,-122.18102960296548,0.6918652934468364
2020-09-09,44.725051871157504,-122.1540801444419,0.7029012640042291
2020-09-09,44.712655120236654,-122.24409133591068,0.7070339405515009
2020-09-09,44.702414325997694,-122.19504332139776,0.7091475219063864
2020-09-09,44.69486847761109,-122.24031841171735,1.5155060925998969
2020-09-09,44.71427208774807,-122.1788736462836,0.7194145802378455
2020-09-09,44.684088694201655,-122.19450433222728,0.677086372409761
2020-09-09,44.69756342346345,-122.21175198568235,0.6966219360596896
2020-09-09,44.69864140180439,-122.20474512646624,0.6933688363294442
2020-09-09,44.6889395967359,-122.20312815895484,0.7007445580338857
2020-09-09,44.7137330985776,-122.18965342969304,0.6930219849416284
2020-09-09,44.72936378452128,-122.1637819495104,0.7162950554066831
2020-09-09,44.71157714189571,-122.18588050549972,0.7013565019196122
2020-09-09,44.706726239361466,-122.24247436839926,1.7068357756689092
2020-09-09,44.71912299028232,-122.15138519858954,0.7295148247308203
2020-09-09,44.70079735848628,-122.23438953084218,0.645801059962747
2020-09-09,44.70564826102052,-122.18480252715878,0.7399517548259987
2020-09-09,44.69918039097486,-122.1880364621816,0.9194248289101201
2020-09-09,44.69055656424732,-122.21606389904616,2.4236959187431037
2020-09-09,44.725051871157504,-122.13791046932776,0.697295781644858
2020-09-09,44.715350066089016,-122.24247436839926,0.7056734403791256
2020-09-09,44.71103815272524,-122.23870144420596,0.7094870666480634
2020-09-09,44.692173531758726,-122.20905703983,0.6914055255478463
2020-09-09,44.6927125209292,-122.21552490987568,0.6802248990735098
2020-09-09,44.72451288198703,-122.16324296033991,0.7339600944487333
2020-09-09,44.71588905525949,-122.17348375457888,0.8622235106038793
2020-09-09,44.6851666725426,-122.19881624559105,0.6690599945216811
2020-09-09,44.6927125209292,-122.20905703983,0.687880006212585
2020-09-09,44.69918039097486,-122.21067400734142,0.83275761926085
2020-09-09,44.69594645595203,-122.2225317690918,0.6516265907739395
2020-09-09,44.69594645595203,-122.21606389904616,0.6735762038644202
2020-09-09,44.68247172669024,-122.19612129973868,1.3848139759494564
2020-09-09,44.68732262922448,-122.19881624559105,0.678847762715792
2020-09-09,44.69163454258826,-122.20636209397766,0.681149300362142
2020-09-09,44.71912299028232,-122.18049061379502,0.6899573851918451
2020-09-09,44.69486847761109,-122.25217617346776,0.7343429369982124
2020-09-09,44.70079735848628,-122.23924043337642,0.6513609015752514
2020-09-09,44.70510927185005,-122.19073140803395,0.709592559741947
2020-09-09,44.69864140180439,-122.23331155250123,0.6430509429642834
2020-09-09,44.716428044429954,-122.17348375457888,1.4608357966527445
2020-09-09,44.70834320687288,-122.23438953084218,0.7244292526403316
2020-09-09,44.72343490364609,-122.15192418776002,0.7068061360991194
2020-09-09,44.7385266004193,-122.1578530686352,0.6538622598879416
2020-09-09,44.7099601743843,-122.17510072209028,0.6926768136651019
2020-09-09,44.69971938014533,-122.24301335756974,0.6737242592181227
2020-09-09,44.702953315168166,-122.19612129973868,0.7123240593650146
2020-09-09,44.70618725019099,-122.19504332139776,0.7273854959396442
2020-09-09,44.70025836931581,-122.1885754513521,0.7112226839822151
2020-09-09,44.69540746678156,-122.2112129965119,0.6883098800104678
2020-09-09,44.716428044429954,-122.17240577623794,1.6857313968031153
2020-09-09,44.70403129350911,-122.2360064983536,0.6526325878382156
2020-09-09,44.69756342346345,-122.2322335741603,0.6469995073354309
2020-09-09,44.67869880249694,-122.19450433222728,0.6856565088307877
2020-09-09,44.702953315168166,-122.19450433222728,0.7165552714579602
2020-09-09,44.712655120236654,-122.16809386287416,0.6975131331192128
2020-09-09,44.702414325997694,-122.1880364621816,0.7130865768865355
2020-09-09,44.725051871157504,-122.13737148015728,0.6950000623203633
2020-09-09,44.72073995779373,-122.13413754513444,1.5091406987328209
2020-09-09,44.71211613106618,-122.18049061379502,0.6851159716745538
2020-09-09,44.69810241263392,-122.22522671494416,0.6728285659295106
2020-09-09,44.722895914475615,-122.15677509029426,0.7109049638606514
2020-09-09,44.70133634765675,-122.19558231056824,0.701790641139019
2020-09-09,44.70133634765675,-122.18965342969304,0.7005935574990653
2020-09-09,44.692173531758726,-122.21929783406898,1.9536721543908024
2020-09-09,44.725051871157504,-122.16054801448756,0.7228040882189704
2020-09-09,44.70349230433864,-122.19558231056824,0.7162220970966561
2020-09-09,44.69594645595203,-122.2322335741603,1.7799946276484686
2020-09-09,44.725590860327976,-122.15515812278284,0.7061134946826901
2020-09-09,44.69810241263392,-122.2074400723186,0.7029366725133125
2020-09-09,44.722895914475615,-122.15515812278284,0.7043589314619877
2020-09-09,44.69864140180439,-122.22630469328512,0.6810199400093724
2020-09-09,44.7137330985776,-122.17671768960172,0.7029110792128441
2020-09-09,44.7175060227709,-122.1864194946702,0.6900999461044764
2020-09-09,44.70780421770241,-122.17671768960172,0.704848923056742
2020-09-09,44.706726239361466,-122.1939653430568,0.7232720505100174
2020-09-09,44.7099601743843,-122.23924043337642,0.7120732328323557
2020-09-09,44.69540746678156,-122.20151119144342,0.6998438918814125
2020-09-09,44.70564826102052,-122.18372454881784,0.7068868059053892
2020-09-09,44.71157714189571,-122.17024981955603,1.7197859696029656
2020-09-09,44.70726522853194,-122.24031841171735,0.6787464308072498
2020-09-09,44.70025836931581,-122.2074400723186,0.9373441410719875
2020-09-09,44.69594645595203,-122.22414873660324,0.6509255025815938
2020-09-09,44.69379049927014,-122.21821985572804,0.6698688340416581
2020-09-09,44.712655120236654,-122.17941263545409,0.6962060664525737
2020-09-09,44.71319410940713,-122.1826465704769,0.711217595014334
2020-09-09,44.70834320687288,-122.1788736462836,0.7349346802899361
2020-09-09,44.70133634765675,-122.2435523467402,2.0986410721869255
2020-09-09,44.69594645595203,-122.23169458498982,1.3609765531356006
2020-09-09,44.70726522853194,-122.18588050549972,0.7379346709397199
2020-09-09,44.71912299028232,-122.15947003614662,0.7236789447791049
2020-09-09,44.71319410940713,-122.16863285204464,0.6991990343154373
2020-09-09,44.69918039097486,-122.20528411563672,0.69357849391578
2020-09-09,44.72451288198703,-122.16647689536276,0.7413953025723293
2020-09-09,44.69810241263392,-122.20528411563672,0.7044047705820671
2020-09-09,44.702414325997694,-122.23277256333076,0.6565077484170837
2020-09-09,44.70133634765675,-122.1885754513521,0.7003422404889365
2020-09-09,44.7175060227709,-122.12766967508878,0.6910785852254733
2020-09-09,44.710499163554765,-122.18318555964736,0.7023547835154363
2020-09-09,44.72990277369175,-122.16809386287416,0.7052305676790996
2020-09-09,44.69540746678156,-122.20205018061388,0.7003607080581603
2020-09-09,44.696485445122505,-122.2166028882166,0.6784263117705736
2020-09-09,44.702414325997694,-122.18695848384068,0.7033581460820919
2020-09-09,44.721278946964205,-122.15893104697616,1.1269057973107217
2020-09-09,44.70564826102052,-122.18588050549972,0.738458313388075
2020-09-09,44.70187533682722,-122.23492852001266,0.6465602976565554
2020-09-09,44.71157714189571,-122.18372454881784,0.7017711098240872
2020-09-09,44.706726239361466,-122.1885754513521,0.7240219555493675
2020-09-09,44.716967033600426,-122.16270397116944,0.697305190708609
2020-09-09,44.712655120236654,-122.24463032508116,0.7077031498306423
2020-09-09,44.71912299028232,-122.17995162462454,0.6850548240954275
2020-09-09,44.73475367622599,-122.1600090253171,0.6688655881516153
2020-09-09,44.70564826102052,-122.19558231056824,0.7279914586940284
2020-09-09,44.72343490364609,-122.15246317693048,0.7076032146157332
2020-09-09,44.69594645595203,-122.20420613729576,0.6910869760999861
2020-09-09,44.71804501194137,-122.15731407946473,0.7299178806328013
2020-09-09,44.71427208774807,-122.15839205780568,0.7305473493450094
2020-09-09,44.70349230433864,-122.23331155250123,0.6534585216798284
2020-09-09,44.727746817009866,-122.16863285204464,0.711627587277687
2020-09-09,44.712655120236654,-122.17617870043124,0.6859946035134511
2020-09-09,44.704570282679576,-122.18156859213596,1.8578704943401176
2020-09-09,44.72397389281656,-122.17833465711313,0.7201599798060139
2020-09-09,44.70618725019099,-122.23816245503548,0.66075095362356
2020-09-09,44.710499163554765,-122.1788736462836,0.6985464377823182
2020-09-09,44.72181793613468,-122.17402274374936,0.6928692097450908
2020-09-09,44.69325151009967,-122.2209148015804,0.6678818068362132
2020-09-09,44.71319410940713,-122.18049061379502,0.727923214602739
2020-09-09,44.69163454258826,-122.2166028882166,0.6878355333312398
2020-09-09,44.68732262922448,-122.20366714812528,0.6917801263484122
2020-09-09,44.71588905525949,-122.16809386287416,0.6843943894503506
2020-09-09,44.721278946964205,-122.13144259928208,0.848589850231006
2020-09-09,44.69756342346345,-122.23277256333076,0.654052941621902
2020-09-09,44.71966197945279,-122.12982563177069,0.6882503537060147
2020-09-09,44.69540746678156,-122.19504332139776,1.6038277995433334
2020-09-09,44.71804501194137,-122.15893104697616,0.7245121845836296
2020-09-09,44.68354970503118,-122.19504332139776,0.6708634026468873
2020-09-09,44.714811076918544,-122.16270397116944,0.7114963192281419
2020-09-09,44.725590860327976,-122.17941263545409,1.0023016085302012
2020-09-09,44.72181793613468,-122.2473252709335,0.6963804397276797
2020-09-09,44.71103815272524,-122.23654548752408,2.557152770724306
2020-09-09,44.70403129350911,-122.2397794225469,0.6430565321381552
2020-09-09,44.715350066089016,-122.1637819495104,0.7294583846335024
2020-09-09,44.725590860327976,-122.15569711195332,0.7686006190498408
2020-09-09,44.68354970503118,-122.1977382672501,2.274860544979191
2020-09-09,44.72397389281656,-122.1352155234754,0.7029089577618989
2020-09-09,44.72343490364609,-122.17078880872651,0.7122736220267039
2020-09-09,44.71319410940713,-122.17024981955603,0.6980410465536722
2020-09-09,44.69756342346345,-122.2435523467402,0.681596409398654
2020-09-09,44.70726522853194,-122.24085740088783,0.6687034249495756
2020-09-09,44.68570566171307,-122.199894223932,0.6649394840641666
2020-09-09,44.694329488440616,-122.2187588448985,0.6646452512311253
2020-09-09,44.69594645595203,-122.25055920595634,0.6805683983530852
2020-09-09,44.69055656424732,-122.20312815895484,0.6867432464662065
2020-09-09,44.710499163554765,-122.24139639005833,0.7105536909394833
2020-09-09,44.69540746678156,-122.21282996402331,0.6818637174720363
2020-09-09,44.7137330985776,-122.24301335756974,0.704992318772591
2020-09-09,44.72936378452128,-122.1675548737037,0.710748376036954
2020-09-09,44.70025836931581,-122.24463032508116,0.672609333877171
2020-09-09,44.69971938014533,-122.20205018061388,0.6932584833593255
2020-09-09,44.69756342346345,-122.18965342969304,0.9597758438138939
2020-09-09,44.72073995779373,-122.24624729259256,0.695158420516235
2020-09-09,44.72720782783939,-122.1578530686352,0.7107967739040563
2020-09-09,44.69756342346345,-122.24570830342208,0.6827619725527178
2020-09-09,44.71103815272524,-122.19127039720443,0.712609319535841
2020-09-09,44.70564826102052,-122.24139639005833,0.7469083574513976
2020-09-09,44.72720782783939,-122.17348375457888,0.7322409847913591
2020-09-09,44.712655120236654,-122.1788736462836,0.691410853694349
2020-09-09,44.70187533682722,-122.23816245503548,0.6517215005464779
2020-09-09,44.68570566171307,-122.1977382672501,0.675484497703202
2020-09-09,44.72343490364609,-122.15623610112378,0.9181072628005531
2020-09-09,44.71966197945279,-122.15354115527144,0.7228621433348349
2020-09-09,44.71103815272524,-122.1885754513521,0.7029758585077847
2020-09-09,44.696485445122505,-122.19935523476153,0.706680110125488
2020-09-09,44.702953315168166,-122.18911444052256,0.7118042321884432
2020-09-09,44.72451288198703,-122.17024981955603,0.7405326826111361
2020-09-09,44.71588905525949,-122.19073140803395,0.8274595181675394
2020-09-09,44.714811076918544,-122.18102960296548,0.7128041805944443
2020-09-09,44.72397389281656,-122.13952743683916,0.6977875601164476
2020-09-09,44.70726522853194,-122.18534151632926,0.744494791777579
2020-09-09,44.73044176286222,-122.1670158845332,0.6997946196297906
2020-09-09,44.71427208774807,-122.18749747301116,0.6882107741051233
2020-09-09,44.69594645595203,-122.25217617346776,2.239042517019541
2020-09-09,44.72397389281656,-122.1826465704769,0.7135450965887312
2020-09-09,44.73098075203269,-122.16270397116944,0.6962119815578666
2020-09-09,44.69055656424732,-122.2074400723186,0.6839491347801547
2020-09-09,44.71319410940713,-122.18102960296548,0.7228792889747868
2020-09-09,44.72181793613468,-122.1578530686352,0.7235375511157506
2020-09-09,44.72666883866892,-122.17240577623794,0.7248237347730171
2020-09-09,44.714811076918544,-122.24247436839926,0.7038938256580255
2020-09-09,44.70942118521383,-122.18210758130644,0.7005628133199665
2020-09-09,44.71211613106618,-122.1637819495104,0.6894483652464878
2020-09-09,44.69109555341779,-122.21229097485283,0.6954043837755117
2020-09-09,44.68301071586071,-122.19666028890916,0.6731169590956965
2020-09-09,44.702953315168166,-122.2397794225469,0.6548099510209977
2020-09-09,44.694329488440616,-122.20528411563672,0.6904877582837501
2020-09-09,44.7288247953508,-122.16324296033991,0.7186559386338318
2020-09-09,44.69918039097486,-122.23061660664888,0.645229914243624
2020-09-09,44.715350066089016,-122.17617870043124,1.3097121608998175
2020-09-09,44.70079735848628,-122.228460649967,0.7884573603642703
2020-09-09,44.7288247953508,-122.17078880872651,0.9530013703889859
2020-09-09,44.70834320687288,-122.18534151632926,0.7669988529813788
2020-09-09,44.68247172669024,-122.19342635388634,0.6684777749409491
2020-09-09,44.72235692530514,-122.171327797897,1.0284282318110052
2020-09-09,44.70780421770241,-122.16971083038558,1.8203861906544918
2020-09-09,44.716967033600426,-122.16593790619228,0.7319527549817404
2020-09-09,44.69540746678156,-122.22037581240993,0.6580475376458225
2020-09-09,44.71588905525949,-122.18534151632926,0.7219441626004679
2020-09-09,44.69864140180439,-122.22953862830794,0.6609294580496747
2020-09-09,44.6927125209292,-122.25271516263822,0.6752266365512218
2020-09-09,44.696485445122505,-122.20528411563672,0.6950645104204184
2020-09-09,44.70079735848628,-122.20366714812528,0.6940049974686487
2020-09-09,44.70618725019099,-122.24031841171735,0.6482369228803215
2020-09-09,44.72343490364609,-122.1368324909868,1.0170954309961207
2020-09-09,44.71211613106618,-122.17779566794266,0.6797817679439626
2020-09-09,44.721278946964205,-122.25002021678588,0.7047731702372965
2020-09-09,44.69756342346345,-122.20474512646624,0.7140958084399469
2020-09-09,44.70834320687288,-122.17078880872651,0.7029366725133125
2020-09-09,44.69810241263392,-122.23061660664888,0.6555280068381207
2020-09-09,44.725590860327976,-122.14976823107811,0.6973233823141758
2020-09-09,44.737987611248826,-122.1578530686352,0.6576339748480599
2020-09-09,44.69594645595203,-122.22792166079653,0.6554245399527344
2020-09-09,44.69918039097486,-122.19558231056824,0.7013749709283137
2020-09-09,44.727746817009866,-122.15947003614662,0.7077186290550395
2020-09-09,44.70403129350911,-122.19504332139776,0.7114922140451432
2020-09-09,44.716967033600426,-122.1901924188635,1.0672306879269415
2020-09-09,44.70349230433864,-122.19450433222728,0.7194188832381
2020-09-09,44.70564826102052,-122.18965342969304,0.7248996267686775
2020-09-09,44.71157714189571,-122.2435523467402,0.7024535998544039
2020-09-09,44.714811076918544,-122.1729447654084,0.7303117010181083
2020-09-09,44.71427208774807,-122.17779566794266,0.7017685134669953
2020-09-09,44.70888219604336,-122.18695848384068,0.692024355914502
2020-09-09,44.714811076918544,-122.16324296033991,0.7148919264155538
2020-09-09,44.72720782783939,-122.15084620941909,0.6978652613783165
2020-09-09,44.70079735848628,-122.19450433222728,0.7061421764236602
2020-09-09,44.73583165456694,-122.15731407946473,0.7945986283863526
2020-09-09,44.727746817009866,-122.17348375457888,0.8557230560444673
2020-09-09,44.716428044429954,-122.1729447654084,1.4035470507827978
2020-09-09,44.71427208774807,-122.16216498199896,0.6972182948814161
2020-09-09,44.70942118521383,-122.1901924188635,0.7223045073739207
2020-09-09,44.71858400111184,-122.18426353798831,0.6977688809222674
2020-09-09,44.69594645595203,-122.2435523467402,1.8940981824569647
2020-09-09,44.69163454258826,-122.21606389904616,0.6910553727082904
2020-09-09,44.70564826102052,-122.23385054167171,0.6700794556152943
2020-09-09,44.716428044429954,-122.1864194946702,0.7139428565971169
2020-09-09,44.7137330985776,-122.1885754513521,0.6985731298459423
2020-09-09,44.6927125209292,-122.21606389904616,0.6829497435041688
2020-09-09,44.7137330985776,-122.16971083038558,0.7000200598477073
2020-09-09,44.721278946964205,-122.13198158845256,0.6846045329742201
2020-09-09,44.71966197945279,-122.24624729259256,0.7123463830341121
2020-09-09,44.72235692530514,-122.18102960296548,0.6806671756315693
2020-09-09,44.7175060227709,-122.24894223844493,0.6858951723164074
2020-09-09,44.67869880249694,-122.19127039720443,0.6742081644456871
2020-09-09,44.70780421770241,-122.19450433222728,0.7108628380613565
2020-09-09,44.7175060227709,-122.1616259928285,0.7043521577312111
2020-09-09,44.71858400111184,-122.1885754513521,0.7537718023763802
2020-09-09,44.70888219604336,-122.1923483755454,0.7299427218053437
2020-09-09,44.70888219604336,-122.171327797897,0.8289267366908104
2020-09-09,44.716967033600426,-122.15947003614662,0.7199882180847567
2020-09-09,44.715350066089016,-122.15839205780568,0.7108736513084125
2020-09-09,44.69109555341779,-122.20366714812528,0.6843386204634696
2020-09-09,44.72181793613468,-122.18318555964736,0.6850302528783688
2020-09-09,44.70618725019099,-122.1939653430568,0.7229864382267478
2020-09-09,44.69810241263392,-122.2322335741603,0.6435591040008133
2020-09-09,44.69486847761109,-122.24139639005833,2.388575540849568
2020-09-09,44.706726239361466,-122.19558231056824,0.7110823519670401
2020-09-09,44.69702443429298,-122.24570830342208,1.3121863889661687
2020-09-09,44.68085475917882,-122.19450433222728,0.6853118068501827
2020-09-09,44.725051871157504,-122.1465342960553,0.6944618746447453
2020-09-09,44.71319410940713,-122.1616259928285,0.6903839845492491
2020-09-09,44.72451288198703,-122.1540801444419,0.7038754155925672
2020-09-09,44.69702443429298,-122.19180938637491,0.7131221793569131
2020-09-09,44.696485445122505,-122.22199277992134,0.661195580753343
2020-09-09,44.69325151009967,-122.25217617346776,0.6731815270471024
2020-09-09,44.71912299028232,-122.1600090253171,0.7259282990642884
2020-09-09,44.722895914475615,-122.18156859213596,0.6883026539001647
2020-09-09,44.72828580618033,-122.16054801448756,0.7129539585340344
2020-09-09,44.714811076918544,-122.24301335756974,0.7022198813235506
2020-09-09,44.70888219604336,-122.1864194946702,0.6967828643741457
2020-09-09,44.721278946964205,-122.18372454881784,0.6844036472095101
2020-09-09,44.731519741203165,-122.1670158845332,0.8144415283027735
2020-09-09,44.73475367622599,-122.1637819495104,1.7296943601850026
2020-09-09,44.70025836931581,-122.2397794225469,1.330109372841086
2020-09-09,44.716967033600426,-122.18049061379502,0.7136905981067134
2020-09-09,44.72181793613468,-122.18695848384068,0.9775516361804222
2020-09-09,44.69540746678156,-122.22307075826228,0.6546738515969096
2020-09-09,44.69918039097486,-122.20043321310249,0.6967130412583659
2020-09-09,44.69540746678156,-122.22522671494416,0.6540104582797052
2020-09-09,44.7175060227709,-122.13090361011162,0.9706915847272711
2020-09-09,44.69864140180439,-122.21013501817096,0.702742558126181
2020-09-09,44.694329488440616,-122.2209148015804,0.664415647611081
2020-09-09,44.69486847761109,-122.2494812276154,2.5554855644305867
2020-09-09,44.72612984949845,-122.17671768960172,0.7872445039390609
2020-09-09,44.72343490364609,-122.16971083038558,0.7257642214703044
2020-09-09,44.69325151009967,-122.21821985572804,0.6748914733205542
2020-09-09,44.7099601743843,-122.2360064983536,0.7123580168256229
2020-09-09,44.71319410940713,-122.18588050549972,0.6897840240974167
2020-09-09,44.69109555341779,-122.2133689531938,0.6947990983397255
2020-09-09,44.727746817009866,-122.1465342960553,0.689417489707706
2020-09-09,44.72073995779373,-122.13359855596396,0.6962187898092655
2020-09-09,44.69379049927014,-122.20205018061388,0.705126184637181
2020-09-09,44.7099601743843,-122.24031841171735,0.7150270752769705
2020-09-09,44.702414325997694,-122.19612129973868,0.707164851638487
2020-09-09,44.70780421770241,-122.19288736471586,0.7170990289809123
2020-09-09,44.69379049927014,-122.2149859207052,0.67706235959318
2020-09-09,44.714811076918544,-122.18156859213596,0.7125454406852288
2020-09-09,44.70726522853194,-122.23492852001266,0.7059961828715627
2020-09-09,44.704570282679576,-122.18749747301116,0.7541516290280648
2020-09-09,44.73205873037364,-122.16593790619228,0.7524312379199358
2020-09-09,44.727746817009866,-122.16270397116944,0.7158504625367622
2020-09-09,44.70079735848628,-122.20258916978436,0.6911011991215242
2020-09-09,44.70834320687288,-122.18749747301116,0.7484067343570603
2020-09-09,44.73098075203269,-122.1637819495104,0.690283427088306
2020-09-09,44.725590860327976,-122.1503072202486,0.6950855413141681
2020-09-09,44.73421468705553,-122.15893104697616,0.6916841225081849
2020-09-09,44.7099601743843,-122.18749747301116,0.7119310073462668
2020-09-09,44.71912299028232,-122.24678628176304,0.7118761656662225
2020-09-09,44.69971938014533,-122.24139639005833,2.4067059024805255
2020-09-09,44.71427208774807,-122.18588050549972,0.7151468531538622
2020-09-09,44.71804501194137,-122.1540801444419,0.7316315166549147
2020-09-09,44.72235692530514,-122.15354115527144,0.7052658942977568
2020-09-09,44.725051871157504,-122.18318555964736,1.2452391445544575
2020-09-09,44.70133634765675,-122.18588050549972,0.7232692255050344
2020-09-09,44.722895914475615,-122.16971083038558,0.8298301673468129
2020-09-09,44.716428044429954,-122.12874765342973,0.9385663745001522
2020-09-09,44.70079735848628,-122.20205018061388,0.6913092428567699
2020-09-09,44.72073995779373,-122.15839205780568,0.7714597839956991
2020-09-09,44.725051871157504,-122.14707328522576,0.6944959196935038
2020-09-09,44.70834320687288,-122.23492852001266,0.7248693730101015
2020-09-09,44.72020096862326,-122.24570830342208,0.7081517665752397
2020-09-09,44.70187533682722,-122.23546750918312,0.6505062190329942
2020-09-09,44.69971938014533,-122.228460649967,0.6605693897382707
2020-09-09,44.67923779166741,-122.19504332139776,0.6824935784322772
2020-09-09,44.72451288198703,-122.15138519858954,0.6963154163920597
2020-09-09,44.70079735848628,-122.2435523467402,0.6695193043666263
2020-09-09,44.715350066089016,-122.17941263545409,0.7097740883429249
2020-09-09,44.714811076918544,-122.15893104697616,0.7092547384013346
2020-09-09,44.725051871157504,-122.17941263545409,0.7896450089599263
2020-09-09,44.71319410940713,-122.24409133591068,0.7022901013926196
2020-09-09,44.69918039097486,-122.19342635388634,0.7084627463174253
2020-09-09,44.69325151009967,-122.21444693153472,0.676685394129658
2020-09-09,44.71858400111184,-122.15569711195332,0.7228941563366436
2020-09-09,44.70187533682722,-122.1939653430568,0.7055322400592566
2020-09-09,44.70403129350911,-122.18318555964736,2.3302477107376025
2020-09-09,44.69971938014533,-122.19881624559105,0.6984533817586398
2020-09-09,44.72612984949845,-122.1670158845332,0.732912898941853
2020-09-09,44.722895914475615,-122.17078880872651,0.7219123469630795
2020-09-09,44.67654284581505,-122.19612129973868,0.6991784037722069
2020-09-09,44.681393748349294,-122.19504332139776,0.6847582835968041
2020-09-09,44.7175060227709,-122.15461913361236,0.7365274761901704
2020-09-09,44.710499163554765,-122.17725667877218,0.7102904575463828
2020-09-09,44.725590860327976,-122.16054801448756,0.7213120463036885
2020-09-09,44.7175060227709,-122.15623610112378,0.7328413496821247
2020-09-09,44.69971938014533,-122.19288736471586,0.709545501023019
2020-09-09,44.71211613106618,-122.17078880872651,0.6952614777221688
2020-09-09,44.69702443429298,-122.21229097485283,0.69017508304494
2020-09-09,44.72020096862326,-122.1600090253171,0.8920680942983089
2020-09-09,44.696485445122505,-122.20312815895484,0.6983596569510246
2020-09-09,44.73906558958977,-122.15623610112378,1.5102004328838454
2020-09-09,44.725051871157504,-122.15569711195332,0.7064445415372957
2020-09-09,44.725051871157504,-122.1691718412151,0.7289579280575772
2020-09-09,44.72181793613468,-122.18210758130644,0.6917089522090535
2020-09-09,44.69864140180439,-122.23115559581936,0.6389032402548025
2020-09-09,44.69001757507685,-122.21013501817096,0.6869677898382166
2020-09-09,44.72235692530514,-122.18480252715878,0.6911616083939356
2020-09-09,44.68624465088354,-122.199894223932,0.6747079477433028
2020-09-09,44.69810241263392,-122.2473252709335,0.6792394603768275
2020-09-09,44.725590860327976,-122.15246317693048,0.7003313438969135
2020-09-09,44.696485445122505,-122.22899963913748,0.6595244705450146
2020-09-09,44.70834320687288,-122.1729447654084,0.7048658424543685
2020-09-09,44.73475367622599,-122.15839205780568,0.7479880962595314
2020-09-09,44.69756342346345,-122.1901924188635,1.2189945460217737
2020-09-09,44.721278946964205,-122.18534151632926,0.903900860596354
2020-09-09,44.6927125209292,-122.20366714812528,0.6933736041995405
2020-09-09,44.7137330985776,-122.1616259928285,0.6973594294676394
2020-09-09,44.71966197945279,-122.18426353798831,0.6796562508189299
2020-09-09,44.7099601743843,-122.18911444052256,0.7063140072472058
2020-09-09,44.69001757507685,-122.21444693153472,1.4437052683332297
2020-09-09,44.70025836931581,-122.237623465865,0.6491180581617894
2020-09-09,44.72720782783939,-122.14976823107811,0.7027911722194163
2020-09-09,44.73259771954411,-122.16216498199896,0.6689573294347874
2020-09-09,44.72720782783939,-122.17240577623794,0.7266164399993476
2020-09-09,44.72235692530514,-122.24840324927445,0.6981734648451771
2020-09-09,44.69540746678156,-122.2166028882166,0.6724575713527223
2020-09-09,44.69594645595203,-122.20043321310249,0.7080448234590708
2020-09-09,44.73098075203269,-122.16324296033991,0.6929241902590993
2020-09-09,44.70133634765675,-122.20151119144342,0.6876317911689455
2020-09-09,44.70403129350911,-122.23546750918312,0.6556193246909328
2020-09-09,44.716967033600426,-122.1691718412151,1.9859626167965398
2020-09-09,44.70187533682722,-122.19127039720443,0.7143353490616012
2020-09-09,44.69864140180439,-122.20366714812528,0.6912773015572173
2020-09-09,44.73637064373741,-122.15947003614662,0.6595532879611606
2020-09-09,44.70187533682722,-122.18588050549972,0.7176052440698465
2020-09-09,44.715350066089016,-122.2419353792288,1.1526795099383853
2020-09-09,44.69540746678156,-122.21929783406898,0.6528376325889337
2020-09-09,44.69486847761109,-122.21821985572804,0.663456726551761
2020-09-09,44.69810241263392,-122.19073140803395,0.725870168142917
2020-09-09,44.702953315168166,-122.1885754513521,0.7090422809043949
2020-09-09,44.725590860327976,-122.14491732854388,0.6911941378638228
2020-09-09,44.71858400111184,-122.15677509029426,0.7289338260723922
2020-09-09,44.727746817009866,-122.14761227439624,0.6920759431784465
2020-09-09,44.72235692530514,-122.17402274374936,0.6999223642315606
2020-09-09,44.70780421770241,-122.1788736462836,0.7253623101518797
2020-09-09,44.725590860327976,-122.15947003614662,0.7174214706175484
2020-09-09,44.72343490364609,-122.1826465704769,0.6990635965318859
2020-09-09,44.72612984949845,-122.15138519858954,0.6956057548425721
2020-09-09,44.70079735848628,-122.24085740088783,0.6574352906560557
2020-09-09,44.72235692530514,-122.24678628176304,1.3571986869121182
2020-09-09,44.70726522853194,-122.19288736471586,0.7191349972673948
2020-09-09,44.696485445122505,-122.22684368245558,0.6629348010432738
2020-09-09,44.71912299028232,-122.15461913361236,0.7235865604629709
2020-09-09,44.70780421770241,-122.19504332139776,0.7153100053810052
2020-09-09,44.72451288198703,-122.1788736462836,0.7108736513084125
2020-09-09,44.70079735848628,-122.1939653430568,0.7063706943766563
2020-09-09,44.68247172669024,-122.1939653430568,0.6639396312184325
2020-09-09,44.702414325997694,-122.19881624559105,0.7130899450634198
2020-09-09,44.70025836931581,-122.23492852001266,0.6410181151249986
2020-09-09,44.69486847761109,-122.20474512646624,0.6909522972205209
2020-09-09,44.69756342346345,-122.20851805065952,0.7053635362448147
2020-09-09,44.68947858590637,-122.199894223932,2.1109725979276988
2020-09-09,44.69540746678156,-122.20366714812528,0.6949973198481069
2020-09-09,44.72666883866892,-122.1406054151801,0.6895535346745331
2020-09-09,44.70079735848628,-122.2451693142516,1.8607523407150064
2020-09-09,44.715350066089016,-122.17078880872651,0.7013151703716414
2020-09-09,44.70942118521383,-122.17456173291984,0.6961863412861181
2020-09-09,44.71912299028232,-122.12820866425926,0.690996464204408
2020-09-09,44.70564826102052,-122.1977382672501,1.2992829841302609
2020-09-09,44.67815981332647,-122.19504332139776,0.6910050876308911
2020-09-09,44.72612984949845,-122.14599530688484,0.6906578020478981
2020-09-09,44.7175060227709,-122.16324296033991,0.7026084863545632
2020-09-09,44.69109555341779,-122.20905703983,0.6834030255085981
2020-09-09,44.704570282679576,-122.1923483755454,0.7101188672960185
2020-09-09,44.702953315168166,-122.23924043337642,0.653672317466245
2020-09-09,44.69594645595203,-122.2187588448985,0.6608863183417238
2020-09-09,44.710499163554765,-122.18695848384068,0.7124310235290688
2020-09-09,44.72397389281656,-122.17024981955603,0.7256279063198213
2020-09-09,44.72451288198703,-122.14869025273718,0.6990541128996787
2020-09-09,44.71427208774807,-122.24247436839926,0.7050303185636225
2020-09-09,44.67869880249694,-122.19073140803395,0.6790714523257608
2020-09-09,44.72020096862326,-122.25002021678588,0.694807719430418
2020-09-09,44.696485445122505,-122.2435523467402,0.6775954488815564
2020-09-09,44.69702443429298,-122.19666028890916,0.7065330254798992
2020-09-09,44.71103815272524,-122.17240577623794,0.6946640118407935
2020-09-09,44.67923779166741,-122.1939653430568,0.6801168794171842
2020-09-09,44.71804501194137,-122.18318555964736,0.702997936473554
2020-09-09,44.72073995779373,-122.24894223844493,0.6962429807736642
2020-09-09,44.71319410940713,-122.16216498199896,0.6924524948772668
2020-09-09,44.7137330985776,-122.18480252715878,0.6926435290761181
2020-09-09,44.69702443429298,-122.23061660664888,0.648800939836397
2020-09-09,44.706726239361466,-122.18372454881784,0.7302133771539931
2020-09-09,44.69756342346345,-122.20205018061388,0.6976639000724222
2020-09-09,44.71588905525949,-122.1729447654084,0.841200280519085
2020-09-09,44.72936378452128,-122.16270397116944,0.7134541184177726
2020-09-09,44.69702443429298,-122.23331155250123,0.6565443230730307
2020-09-09,44.71804501194137,-122.24840324927445,0.6872232074839374
2020-09-09,44.72181793613468,-122.24894223844493,0.6944066986745828
2020-09-09,44.71588905525949,-122.18911444052256,0.705244943346211
2020-09-09,44.69702443429298,-122.20366714812528,0.7012917624328443
2020-09-09,44.70942118521383,-122.17510072209028,0.6964514082534953
2020-09-09,44.7137330985776,-122.18372454881784,0.6968595966538786
2020-09-09,44.71211613106618,-122.17671768960172,0.6865217422355787
2020-09-09,44.70187533682722,-122.23870144420596,0.648532834868133
2020-09-09,44.70888219604336,-122.17240577623794,0.7054063333099496
2020-09-09,44.696485445122505,-122.24247436839926,0.6788265323621334
2020-09-09,44.706726239361466,-122.19612129973868,0.7093176013194074
2020-09-09,44.70187533682722,-122.19180938637491,0.7109361639819876
2020-09-09,44.69864140180439,-122.23546750918312,0.6492867059446938
2020-09-09,44.6851666725426,-122.199894223932,0.6704900456506799
2020-09-09,44.7137330985776,-122.1923483755454,0.7779982974783564
2020-09-09,44.69918039097486,-122.22738267162605,0.6655822439162217
2020-09-09,44.721278946964205,-122.15192418776002,0.7084743660826094
2020-09-09,44.69594645595203,-122.2300776174784,0.7859289140109116
2020-09-09,44.692173531758726,-122.20528411563672,0.6819688839711026
2020-09-09,44.727746817009866,-122.15731407946473,0.8917561679104065
2020-09-09,44.7137330985776,-122.24463032508116,0.6967605539584592
2020-09-09,44.72612984949845,-122.1389884476687,0.8568073835165602
2020-09-09,44.721278946964205,-122.15947003614662,1.1156158864306938
2020-09-09,44.710499163554765,-122.23654548752408,0.7107549808604566
2020-09-09,44.68462768337213,-122.19612129973868,0.6706893162002151
2020-09-09,44.71588905525949,-122.16485992785134,0.7085098676734638
2020-09-09,44.70834320687288,-122.2397794225469,0.7050350024592184
2020-09-09,44.72720782783939,-122.16432093868086,0.7307151081251563
2020-09-09,44.712655120236654,-122.2435523467402,0.7051955190761199
2020-09-09,44.716967033600426,-122.19073140803395,1.4558752949583964
2020-09-09,44.715350066089016,-122.171327797897,0.7026682283831842
2020-09-09,44.70510927185005,-122.23816245503548,0.6452550505371163
2020-09-09,44.715350066089016,-122.16216498199896,0.7153268242709206
2020-09-09,44.727746817009866,-122.14491732854388,0.6971857770296302
2020-09-09,44.73421468705553,-122.16216498199896,0.6600569570983364
2020-09-09,44.69486847761109,-122.1977382672501,0.7127191007377871
2020-09-09,44.710499163554765,-122.23816245503548,0.7099736213428226
2020-09-09,44.72451288198703,-122.13791046932776,0.6997070045172252
2020-09-09,44.71588905525949,-122.17995162462454,0.7142039230855554
2020-09-09,44.73098075203269,-122.16647689536276,0.7019472808077845
2020-09-09,44.725051871157504,-122.14491732854388,0.6926245779872986
2020-09-09,44.72073995779373,-122.24570830342208,0.6990875568262561
2020-09-09,44.71427208774807,-122.17348375457888,0.7307961958080266
2020-09-09,44.70349230433864,-122.1939653430568,0.7184196874049037
2020-09-09,44.69756342346345,-122.24463032508116,0.6825379718501761
2020-09-09,44.694329488440616,-122.20905703983,0.6885515327249507
2020-09-09,44.71103815272524,-122.1788736462836,0.689148871483457
2020-09-09,44.716967033600426,-122.1675548737037,0.8782311700498102
2020-09-09,44.71211613106618,-122.17995162462454,0.6937557121919413
2020-09-09,44.71427208774807,-122.1616259928285,0.6994784470783297
2020-09-09,44.70780421770241,-122.17024981955603,1.9440162090952426
2020-09-09,44.7175060227709,-122.17941263545409,0.6963636516507795
2020-09-09,44.69702443429298,-122.21929783406898,0.6733097441049751
2020-09-09,44.69109555341779,-122.20636209397766,0.6912108510068261
2020-09-09,44.7099601743843,-122.24085740088783,0.7140287490871317
2020-09-09,44.715350066089016,-122.2451693142516,0.70030809629236
2020-09-09,44.716428044429954,-122.1578530686352,0.724338546836563
2020-09-09,44.706726239361466,-122.2419353792288,0.6572542574993387
2020-09-09,44.70834320687288,-122.18426353798831,0.7537718023763802
2020-09-09,44.69702443429298,-122.23277256333076,0.655021480139141
2020-09-09,44.69325151009967,-122.20474512646624,0.691763416501504
2020-09-09,44.71157714189571,-122.1864194946702,0.7015922463557406
2020-09-09,44.70510927185005,-122.18156859213596,0.726999189269479
2020-09-09,44.70726522853194,-122.23654548752408,0.7027780736209067
2020-09-09,44.6889395967359,-122.20528411563672,0.7036862002627826
2020-09-09,44.70187533682722,-122.23438953084218,0.6432792989610264
2020-09-09,44.71588905525949,-122.15947003614662,0.7126631472960955
2020-09-09,44.69325151009967,-122.20420613729576,0.6920039313214427
2020-09-09,44.68786161839496,-122.20043321310249,0.695781322837811
2020-09-09,44.731519741203165,-122.1653989170218,0.6949077443949783
2020-09-09,44.72397389281656,-122.16809386287416,0.744049676690569
2020-09-09,44.71427208774807,-122.16809386287416,0.6874445174477631
2020-09-09,44.72343490364609,-122.17563971126076,0.7093798035679492
2020-09-09,44.737448622078354,-122.1578530686352,0.6591595872892455
2020-09-09,44.71319410940713,-122.19180938637491,0.780852760979051
2020-09-09,44.70349230433864,-122.18695848384068,0.7128043638881572
2020-09-09,44.67869880249694,-122.19342635388634,0.67071722567102
2020-09-09,44.725590860327976,-122.17833465711313,0.6971602570917657
2020-09-09,44.69540746678156,-122.21067400734142,0.6885282347036508
2020-09-09,44.71912299028232,-122.15354115527144,0.7238292424466095
2020-09-09,44.702953315168166,-122.19719927807964,0.7031456851569662
2020-09-09,44.69756342346345,-122.23708447669456,2.0764466307859832
2020-09-09,44.71157714189571,-122.18534151632926,0.7001149980056508
2020-09-09,44.68462768337213,-122.1977382672501,0.6762071933185629
2020-09-09,44.69486847761109,-122.22792166079653,2.475856814268082
2020-09-09,44.71211613106618,-122.24085740088783,0.7125673732037442
2020-09-09,44.70510927185005,-122.24085740088783,0.6481151790293896
2020-09-09,44.69756342346345,-122.20959602900048,0.697246480310886
2020-09-09,44.72828580618033,-122.1600090253171,0.7127761256692778
2020-09-09,44.69702443429298,-122.2494812276154,1.0491274388159992
2020-09-09,44.716428044429954,-122.18156859213596,0.7193332154427711
2020-09-09,44.70510927185005,-122.19180938637491,0.7081785530555914
2020-09-09,44.715350066089016,-122.1788736462836,0.7058481357545099
2020-09-09,44.702414325997694,-122.1864194946702,0.7026609352325465
2020-09-09,44.69594645595203,-122.2149859207052,0.6801027902352388
2020-09-09,44.696485445122505,-122.21444693153472,0.6826138376140525
2020-09-09,44.735292665396464,-122.1600090253171,0.6671539916622764
2020-09-09,44.714811076918544,-122.1880364621816,0.7036171269093462
2020-09-09,44.71427208774807,-122.19180938637491,0.8315138033708657
2020-09-09,44.67492587830363,-122.19612129973868,0.7135393436138039
2020-09-09,44.70079735848628,-122.20474512646624,0.6909276584312145
2020-09-09,44.73637064373741,-122.16054801448756,0.6563225317302154
2020-09-09,44.69702443429298,-122.19127039720443,1.1332778047684542
2020-09-09,44.69486847761109,-122.2112129965119,0.6767294048453975
2020-09-09,44.69971938014533,-122.22899963913748,0.6642615856817862
2020-09-09,44.70025836931581,-122.24301335756974,0.6703741081208099
2020-09-09,44.73313670871458,-122.16270397116944,0.6654704968328596
2020-09-09,44.71427208774807,-122.17833465711313,0.713921716462785
2020-09-09,44.72073995779373,-122.17725667877218,0.6823225862180337
2020-09-09,44.71427208774807,-122.17510072209028,0.7028840810243092
2020-09-09,44.70888219604336,-122.23870144420596,0.720397392052892
2020-09-09,44.72451288198703,-122.17078880872651,0.7418278067058814
2020-09-09,44.72451288198703,-122.17779566794266,0.7085588701405362
2020-09-09,44.69702443429298,-122.24624729259256,0.6743271212331754
2020-09-09,44.69918039097486,-122.237623465865,0.6473082295629028
2020-09-09,44.7175060227709,-122.1670158845332,1.303905611314602
2020-09-09,44.72020096862326,-122.15623610112378,0.7182490810247972
2020-09-09,44.71211613106618,-122.19180938637491,0.8020412687990827
2020-09-09,44.716428044429954,-122.15731407946473,0.7278938784578041
2020-09-09,44.70133634765675,-122.23385054167171,0.6424620869718741
2020-09-09,44.72666883866892,-122.17078880872651,0.7118080399289204
2020-09-09,44.69864140180439,-122.19127039720443,0.7204092051141859
2020-09-09,44.69109555341779,-122.20797906148908,0.6795445625261723
2020-09-09,44.7175060227709,-122.18588050549972,0.695763841451117
2020-09-09,44.69756342346345,-122.2360064983536,0.6525060053644504
2020-09-09,44.70025836931581,-122.19127039720443,0.7091864603040763
2020-09-09,44.68031577000835,-122.19342635388634,0.6848035738741882
2020-09-09,44.72612984949845,-122.1637819495104,0.7251697666760369
2020-09-09,44.71103815272524,-122.1826465704769,0.6998441680387986
2020-09-09,44.725051871157504,-122.1481512635667,0.6946639410509411
2020-09-09,44.68840060756543,-122.20312815895484,0.7043719690594152
2020-09-09,44.716428044429954,-122.12713068591832,0.692811271923935
2020-09-09,44.70133634765675,-122.2322335741603,0.6633523092389386
2020-09-09,44.702414325997694,-122.23924043337642,0.6524823693157132
2020-09-09,44.72451288198703,-122.1670158845332,0.7416528416121493
2020-09-09,44.69864140180439,-122.2112129965119,0.7027787927041904
2020-09-09,44.69486847761109,-122.19612129973868,0.8059797110564726
2020-09-09,44.70780421770241,-122.18049061379502,0.7436058507274813
2020-09-09,44.69971938014533,-122.19827725642058,0.702687582497676
2020-09-09,44.727746817009866,-122.1729447654084,0.8064358266284893
2020-09-09,44.7288247953508,-122.1729447654084,0.8091210314521122
2020-09-09,44.694329488440616,-122.2074400723186,0.6818210151879566
2020-09-09,44.69001757507685,-122.21390794236426,0.8130244578194434
2020-09-09,44.71804501194137,-122.1880364621816,0.6777200214153639
2020-09-09,44.71588905525949,-122.17833465711313,0.7090658227562525
2020-09-09,44.71427208774807,-122.1885754513521,0.6917739826661143
2020-09-09,44.725051871157504,-122.18156859213596,1.1856566162154305
2020-09-09,44.72612984949845,-122.15354115527144,0.6919975749570336
2020-09-09,44.69486847761109,-122.19827725642058,0.7100266919669267
2020-09-09,44.702953315168166,-122.19666028890916,0.7061164279334483
2020-09-09,44.68624465088354,-122.19666028890916,1.538031575183716
2020-09-09,44.70564826102052,-122.18156859213596,0.712897971310878
2020-09-09,44.7175060227709,-122.15731407946473,0.7281577832443427
2020-09-09,44.71804501194137,-122.12820866425926,0.6919036570836397
2020-09-09,44.71211613106618,-122.16971083038558,0.754840749565285
2020-09-09,44.694329488440616,-122.2510981951268,0.6778827548830084
2020-09-09,44.70942118521383,-122.2360064983536,0.7158862492507394
2020-09-09,44.692173531758726,-122.25433213014963,1.3801023908719696
2020-09-09,44.72666883866892,-122.16216498199896,0.7198652780176807
2020-09-09,44.69864140180439,-122.1977382672501,0.7052062815865293
2020-09-09,44.70564826102052,-122.23438953084218,0.6606771435183492
2020-09-09,44.70618725019099,-122.18156859213596,0.7131277471324754
2020-09-09,44.70618725019099,-122.23438953084218,0.6701861966691859
2020-09-09,44.72343490364609,-122.171327797897,0.707633684779354
2020-09-09,44.70942118521383,-122.17941263545409,0.6995194142792772
2020-09-09,44.712655120236654,-122.16647689536276,0.7038249000791245
2020-09-09,44.71858400111184,-122.18534151632926,0.6929997205582035
2020-09-09,44.7175060227709,-122.13036462094114,0.6894385670377962
2020-09-09,44.69055656424732,-122.21229097485283,0.6833899595276518
2020-09-09,44.716428044429954,-122.12766967508878,0.6924815123709447
2020-09-09,44.71912299028232,-122.18588050549972,0.6854140760054832
2020-09-09,44.69918039097486,-122.19073140803395,0.7295823512349988
2020-09-09,44.70888219604336,-122.18318555964736,0.7133953413898928
2020-09-09,44.70403129350911,-122.19558231056824,0.7076908729356483
2020-09-09,44.696485445122505,-122.22576570411464,0.6599451742083495
2020-09-09,44.71912299028232,-122.18749747301116,0.7141710803516522
2020-09-09,44.6851666725426,-122.19719927807964,0.6740362200123832
2020-09-09,44.694329488440616,-122.20205018061388,0.706972825506696
2020-09-09,44.69810241263392,-122.20851805065952,0.6983478706312624
2020-09-09,44.70888219604336,-122.18156859213596,0.7146414560233214
2020-09-09,44.712655120236654,-122.17563971126076,0.6879317210785696
2020-09-09,44.69810241263392,-122.24409133591068,0.6811229875931436
2020-09-09,44.73690963290788,-122.15839205780568,0.6773988235918061
2020-09-09,44.702414325997694,-122.23546750918312,0.6528471261775505
2020-09-09,44.69594645595203,-122.19719927807964,0.7228702820121515
2020-09-09,44.716428044429954,-122.24678628176304,0.7006222475336911
2020-09-09,44.710499163554765,-122.24085740088783,0.7108467576593461
2020-09-09,44.70025836931581,-122.1901924188635,0.7066176282541257
2020-09-09,44.70780421770241,-122.18749747301116,0.7514056325890633
2020-09-09,44.69864140180439,-122.19935523476153,0.6951302152518741
2020-09-09,44.70510927185005,-122.18749747301116,0.7585812972861606
2020-09-09,44.72720782783939,-122.1637819495104,0.7254062295464709
2020-09-09,44.7175060227709,-122.16647689536276,0.9687372072466975
2020-09-09,44.706726239361466,-122.18049061379502,0.728441267705211
2020-09-09,44.69540746678156,-122.22414873660324,0.6520786073181843
2020-09-09,44.694329488440616,-122.20474512646624,0.6965805587033026
2020-09-09,44.71157714189571,-122.24301335756974,0.7061147277360946
2020-09-09,44.704570282679576,-122.23385054167171,0.6606735563777542
2020-09-09,44.69325151009967,-122.21175198568235,0.6838001981898207
2020-09-09,44.733675697885054,-122.16270397116944,0.6630986948756693
2020-09-09,44.72235692530514,-122.18156859213596,0.6843611258535853
2020-09-09,44.72666883866892,-122.1481512635667,0.6944598858586227
2020-09-09,44.70942118521383,-122.19288736471586,0.7299366651861318
2020-09-09,44.716428044429954,-122.1637819495104,0.702897501561215
2020-09-09,44.70025836931581,-122.19450433222728,0.7103427195278843
2020-09-09,44.6927125209292,-122.21229097485283,0.6886022618407072
2020-09-09,44.71804501194137,-122.17833465711313,0.7038807362030539
2020-09-09,44.72397389281656,-122.13737148015728,0.6995285835966918
2020-09-09,44.69864140180439,-122.24570830342208,0.6824357178029957
2020-09-09,44.696485445122505,-122.22468772577368,0.6542290351084951
2020-09-09,44.72235692530514,-122.2494812276154,0.6959956984092335
2020-09-09,44.69864140180439,-122.19450433222728,0.7071412516409536
2020-09-09,44.7288247953508,-122.1616259928285,0.7118330389244979
2020-09-09,44.72020096862326,-122.1503072202486,0.989824815920304
2020-09-09,44.716428044429954,-122.25002021678588,1.4259984125388043
2020-09-09,44.69756342346345,-122.228460649967,0.6602076701589235
2020-09-09,44.72235692530514,-122.1729447654084,0.6951612799316464
2020-09-09,44.71319410940713,-122.18911444052256,0.708831192338955
2020-09-09,44.73906558958977,-122.1578530686352,0.6545844515672637
2020-09-09,44.716428044429954,-122.2494812276154,1.529395204760564
2020-09-09,44.70510927185005,-122.1923483755454,0.7094536621070728
2020-09-09,44.696485445122505,-122.22630469328512,0.6611501388076927
2020-09-09,44.69971938014533,-122.23546750918312,0.6355528265614478
2020-09-09,44.68624465088354,-122.20097220227294,0.6769524946399647
2020-09-09,44.71966197945279,-122.15515812278284,0.718760288927666
2020-09-09,44.714811076918544,-122.24570830342208,0.6982291965796432
2020-09-09,44.70888219604336,-122.1729447654084,0.7074529159950481
2020-09-09,44.72451288198703,-122.18426353798831,0.7113246390923381
2020-09-09,44.70025836931581,-122.19288736471586,0.7034234431173304
2020-09-09,44.69971938014533,-122.2322335741603,0.6564528777770782
2020-09-09,44.70834320687288,-122.17024981955603,1.0701468175027886
2020-09-09,44.72828580618033,-122.17240577623794,0.7215976604922546
2020-09-09,44.69810241263392,-122.21175198568235,0.6976853476268656
2020-09-09,44.69918039097486,-122.23169458498982,0.6555612659032751
2020-09-09,44.72181793613468,-122.15138519858954,0.7099350207374727
2020-09-09,44.714811076918544,-122.1578530686352,0.716545294587671
2020-09-09,44.69810241263392,-122.23277256333076,0.6457345468170481
2020-09-09,44.715350066089016,-122.17024981955603,0.7021919788801432
2020-09-09,44.704570282679576,-122.23816245503548,0.649844325876828
2020-09-09,44.69864140180439,-122.20097220227294,0.6923720296435507
2020-09-09,44.71804501194137,-122.12766967508878,0.6907637810343156
2020-09-09,44.70726522853194,-122.23870144420596,0.6915238035800545
2020-09-09,44.716967033600426,-122.12982563177069,1.2088154288017239
2020-09-09,44.69163454258826,-122.21067400734142,0.6786705649264769
2020-09-09,44.694329488440616,-122.25271516263822,0.775762946076537
2020-09-09,44.71211613106618,-122.18749747301116,0.7066107371872768
2020-09-09,44.72181793613468,-122.18102960296548,0.6892356365325082
2020-09-09,44.71211613106618,-122.18372454881784,0.7045345365124047
2020-09-09,44.70349230433864,-122.1880364621816,0.7074878220310755
2020-09-09,44.69918039097486,-122.23816245503548,1.1228853250243163
2020-09-09,44.716428044429954,-122.16270397116944,0.7033861778610396
2020-09-09,44.69594645595203,-122.2074400723186,0.6942661243938226
2020-09-09,44.69756342346345,-122.22899963913748,0.6593299352536601
2020-09-09,44.70564826102052,-122.19719927807964,0.7214192004416667
2020-09-09,44.70780421770241,-122.1729447654084,0.7015279195844887
2020-09-09,44.725590860327976,-122.17402274374936,0.7226502296763134
2020-09-09,44.722895914475615,-122.15461913361236,0.8683956893518393
2020-09-09,44.69001757507685,-122.20366714812528,0.691311756367718
2020-09-09,44.72397389281656,-122.15354115527144,0.7054632666272649
2020-09-09,44.73583165456694,-122.16054801448756,0.6669025134580825
2020-09-09,44.7175060227709,-122.16270397116944,0.7032241685103021
2020-09-09,44.70025836931581,-122.20043321310249,0.703521404492982
2020-09-09,44.731519741203165,-122.15947003614662,0.9300740476524559
2020-09-09,44.72397389281656,-122.15138519858954,0.7003858751443293
2020-09-09,44.71103815272524,-122.18210758130644,0.7010372394232213
2020-09-09,44.72612984949845,-122.1443783393734,0.6882340128953129
2020-09-09,44.69702443429298,-122.2133689531938,0.690033991476719
2020-09-09,44.696485445122505,-122.21821985572804,0.6767097788051861
2020-09-09,44.69864140180439,-122.21282996402331,1.7850299687311153
2020-09-09,44.72073995779373,-122.15084620941909,0.7186697548122343
2020-09-09,44.68732262922448,-122.20420613729576,1.4164716661287318
2020-09-09,44.67654284581505,-122.18965342969304,0.770198113376659
2020-09-09,44.7099601743843,-122.1901924188635,0.7126295096849099
2020-09-09,44.70726522853194,-122.17510072209028,0.7257241642721276
2020-09-09,44.712655120236654,-122.17995162462454,0.6863946227024346
2020-09-09,44.72612984949845,-122.17725667877218,0.9057086225436182
2020-09-09,44.71157714189571,-122.1788736462836,0.6853327329796254
2020-09-09,44.696485445122505,-122.1939653430568,0.7145290988768601
2020-09-09,44.69971938014533,-122.19719927807964,0.6975837450686329
2020-09-09,44.702414325997694,-122.2419353792288,1.5190611952396846
2020-09-09,44.70187533682722,-122.19450433222728,0.7016964964459882
2020-09-09,44.69864140180439,-122.20905703983,0.7036606427945232
2020-09-09,44.71103815272524,-122.2397794225469,0.7031351729654852
2020-09-09,44.69971938014533,-122.22792166079653,0.6579155541785899
2020-09-09,44.692173531758726,-122.21175198568235,0.6869772511625375
2020-09-09,44.69864140180439,-122.22899963913748,0.6663453258031604
2020-09-09,44.71804501194137,-122.17941263545409,0.6916056356269561
2020-09-09,44.71804501194137,-122.24678628176304,0.699812284976758
2020-09-09,44.70133634765675,-122.23438953084218,0.642003113919084
2020-09-09,44.722895914475615,-122.15246317693048,0.7044613468320479
2020-09-09,44.71966197945279,-122.2494812276154,0.6943218547229764
2020-09-09,44.72828580618033,-122.16971083038558,0.7086667669927316
2020-09-09,44.704570282679576,-122.23492852001266,0.6603758227411558
2020-09-09,44.69486847761109,-122.22522671494416,0.6638698306140951
2020-09-09,44.72666883866892,-122.17617870043124,0.8919980393051105
2020-09-09,44.716428044429954,-122.18210758130644,0.7054079865399893
2020-09-09,44.69486847761109,-122.20905703983,0.6880138136350631
2020-09-09,44.69810241263392,-122.19127039720443,0.7246682518133823
2020-09-09,44.67438688913316,-122.19612129973868,0.7149639930205547
2020-09-09,44.69756342346345,-122.2112129965119,0.6963966651829427
2020-09-09,44.72451288198703,-122.1406054151801,0.6927877269255933
2020-09-09,44.70510927185005,-122.1977382672501,0.8252069025730117
2020-09-09,44.7137330985776,-122.24570830342208,0.6919261114178286
2020-09-09,44.69540746678156,-122.21983682323943,0.6527509647439738
2020-09-09,44.72451288198703,-122.13737148015728,0.6985240360095027
2020-09-09,44.71588905525949,-122.1901924188635,0.7719681409831592
2020-09-09,44.69864140180439,-122.24624729259256,0.6805143698101106
2020-09-09,44.69810241263392,-122.19881624559105,0.698753204884184
2020-09-09,44.722895914475615,-122.17402274374936,0.6998230349234171
2020-09-09,44.725051871157504,-122.1637819495104,0.7378917851647916
2020-09-09,44.71211613106618,-122.24247436839926,0.7122959993987062
2020-09-09,44.7137330985776,-122.2435523467402,0.7005047325689157
2020-09-09,44.715350066089016,-122.24463032508116,0.7022925133821372
2020-09-09,44.70618725019099,-122.1864194946702,0.7302293911980396
2020-09-09,44.72343490364609,-122.17617870043124,0.7076382785601044
2020-09-09,44.70349230433864,-122.23816245503548,0.6485764199524386
2020-09-09,44.72073995779373,-122.18210758130644,0.6873382766276451
2020-09-09,44.71427208774807,-122.17024981955603,0.7000752947340757
2020-09-09,44.702953315168166,-122.24139639005833,1.0121429660778758
2020-09-09,44.70942118521383,-122.2419353792288,0.7018511947507682
2020-09-09,44.6927125209292,-122.20258916978436,0.6963949130110751
2020-09-09,44.7137330985776,-122.17024981955603,0.7031486154623136
2020-09-09,44.710499163554765,-122.2435523467402,1.9469192308765584
2020-09-09,44.70780421770241,-122.19612129973868,0.8993480111438431
2020-09-09,44.71912299028232,-122.15839205780568,0.7255628282646172
2020-09-09,44.69486847761109,-122.20797906148908,0.6865759033633319
2020-09-09,44.706726239361466,-122.18318555964736,0.7207285770562076
2020-09-09,44.70942118521383,-122.18911444052256,0.7133063418473828
2020-09-09,44.72073995779373,-122.15677509029426,0.9172852620406635
2020-09-09,44.70888219604336,-122.23708447669456,0.7168595779404061
2020-09-09,44.714811076918544,-122.18965342969304,0.7084582361203208
2020-09-09,44.7288247953508,-122.16647689536276,0.7130249986528071
2020-09-09,44.72235692530514,-122.17240577623794,0.6890352814264082
2020-09-09,44.715350066089016,-122.15623610112378,0.7324442033778825
2020-09-09,44.733675697885054,-122.16054801448756,0.6588681541854867
2020-09-09,44.72720782783939,-122.15192418776002,0.8700476566881845
2020-09-09,44.72235692530514,-122.1578530686352,0.9664405155596266
2020-09-09,44.71427208774807,-122.2419353792288,0.7054480190328623
2020-09-09,44.71858400111184,-122.15731407946473,0.7281856113060172
2020-09-09,44.72666883866892,-122.14761227439624,0.69708161186478
2020-09-09,44.70079735848628,-122.1885754513521,0.706919055266814
2020-09-09,44.71319410940713,-122.16054801448756,0.7092568772567058
2020-09-09,44.7099601743843,-122.18588050549972,0.7027392962633809
2020-09-09,44.72451288198703,-122.14006642600964,0.6946153401189461
2020-09-09,44.70618725019099,-122.19612129973868,0.7299264320632418
2020-09-09,44.72020096862326,-122.24678628176304,0.7024936101929965
2020-09-09,44.71211613106618,-122.18695848384068,0.7138037373898027
2020-09-09,44.67815981332647,-122.19450433222728,0.6884876933413203
2020-09-09,44.71966197945279,-122.15839205780568,0.7249040766373562
2020-09-09,44.71858400111184,-122.1826465704769,0.7029378052720727
2020-09-09,44.70510927185005,-122.18102960296548,1.7478462821381269
2020-09-09,44.69486847761109,-122.22576570411464,0.6606687997737651
2020-09-09,44.72612984949845,-122.17348375457888,0.7231003969493939
2020-09-09,44.712655120236654,-122.24085740088783,0.7133565812954922
2020-09-09,44.72181793613468,-122.13252057762304,0.8076374901593527
2020-09-09,44.71588905525949,-122.18372454881784,0.725242161533677
2020-09-09,44.714811076918544,-122.15731407946473,0.7209161282607806
2020-09-09,44.722895914475615,-122.17348375457888,0.6993682378863268
2020-09-09,44.72828580618033,-122.14491732854388,0.9965748237776958
2020-09-09,44.712655120236654,-122.16485992785134,0.6932790631846005
2020-09-09,44.725051871157504,-122.1406054151801,0.695130413879236
2020-09-09,44.69486847761109,-122.20636209397766,0.6813153648894579
2020-09-09,44.731519741203165,-122.16432093868086,0.6912010236044593
2020-09-09,44.71103815272524,-122.17348375457888,0.6933826686100151
2020-09-09,44.69055656424732,-122.20905703983,0.678954619596562
2020-09-09,44.69163454258826,-122.2074400723186,0.6865449674310131
2020-09-09,44.69163454258826,-122.25325415180868,0.6931471805599453
2020-09-09,44.6927125209292,-122.20205018061388,0.699886074895175
2020-09-09,44.7137330985776,-122.17617870043124,0.7032348689709006
2020-09-09,44.71966197945279,-122.18210758130644,0.6730719437071124
2020-09-09,44.68840060756543,-122.199894223932,0.6868169528264796
2020-09-09,44.71588905525949,-122.24301335756974,0.6971843277469165
2020-09-09,44.681393748349294,-122.19450433222728,0.6805652950808398
2020-09-09,44.70133634765675,-122.23169458498982,0.6690955389743507
2020-09-09,44.702953315168166,-122.237623465865,0.6435383507696775
2020-09-09,44.72020096862326,-122.2494812276154,0.69503042028791
2020-09-09,44.714811076918544,-122.18318555964736,0.7129205856063019
2020-09-09,44.696485445122505,-122.20420613729576,0.6941599528290366
2020-09-09,44.70510927185005,-122.24139639005833,1.794587182685664
2020-09-09,44.727746817009866,-122.17078880872651,0.7202220371553607
2020-09-09,44.72451288198703,-122.18480252715878,0.7173484154901446
2020-09-09,44.69109555341779,-122.2149859207052,0.6951132946496087
2020-09-09,44.69864140180439,-122.19719927807964,0.7067251216777531
2020-09-09,44.712655120236654,-122.18318555964736,0.6812895916313527
2020-09-09,44.69702443429298,-122.22468772577368,0.6654367041498588
2020-09-09,44.696485445122505,-122.21282996402331,0.6925920875676181
2020-09-09,44.715350066089016,-122.18156859213596,0.7093153282582507
2020-09-09,44.69486847761109,-122.21983682323943,0.6666777880759576
2020-09-09,44.72235692530514,-122.18318555964736,0.7000030966230356
2020-09-09,44.70025836931581,-122.23546750918312,0.6423838107674802
2020-09-09,44.7175060227709,-122.12820866425926,0.6912391788197182
2020-09-09,44.70618725019099,-122.23492852001266,0.6656973093111251
2020-09-09,44.7099601743843,-122.1788736462836,0.6966878428213304
2020-09-09,44.70834320687288,-122.17833465711313,0.7157095178670321
2020-09-09,44.68732262922448,-122.199894223932,0.6802038061009457
2020-09-09,44.73690963290788,-122.1578530686352,0.7195577333176866
2020-09-09,44.69379049927014,-122.22037581240993,0.6639595197496224
2020-09-09,44.70025836931581,-122.18911444052256,0.7088311024624995
2020-09-09,44.69486847761109,-122.20690108314813,0.6837230850895503
2020-09-09,44.70618725019099,-122.1923483755454,0.7278367099878861
2020-09-09,44.70564826102052,-122.2419353792288,2.2723452078043276
2020-09-09,44.70942118521383,-122.1885754513521,0.7080756394458595
2020-09-09,44.68354970503118,-122.19719927807964,0.6774469016706154
2020-09-09,44.72666883866892,-122.17563971126076,0.8176013550333512
2020-09-09,44.702414325997694,-122.23331155250123,0.6416957478253408
2020-09-09,44.69540746678156,-122.22899963913748,0.8900228050535448
2020-09-09,44.69540746678156,-122.22360974743276,0.6542204720844045
2020-09-09,44.694329488440616,-122.20258916978436,0.7054201691632279
2020-09-09,44.73044176286222,-122.1616259928285,0.8080707625367644
2020-09-09,44.72451288198703,-122.14114440435058,1.5845919138475695
2020-09-09,44.68031577000835,-122.19504332139776,1.4487637587922217
2020-09-09,44.70780421770241,-122.24139639005833,0.6862542028761781
2020-09-09,44.69756342346345,-122.21229097485283,0.698079925987884
2020-09-09,44.727746817009866,-122.14545631771436,0.6985882416157447
2020-09-09,44.706726239361466,-122.17617870043124,1.8344402003429354
2020-09-09,44.71211613106618,-122.17024981955603,0.6945340559004406
2020-09-09,44.716428044429954,-122.24301335756974,0.71152678136045
2020-09-09,44.69486847761109,-122.22307075826228,0.6556143897879115
2020-09-09,44.716967033600426,-122.18695848384068,0.709854013061671
2020-09-09,44.716428044429954,-122.16593790619228,0.6761358347334087
2020-09-09,44.70510927185005,-122.18210758130644,0.7219123469630795
2020-09-09,44.716967033600426,-122.15461913361236,1.0048668794971358
2020-09-09,44.72020096862326,-122.15893104697616,0.7304714879626839
2020-09-09,44.696485445122505,-122.21768086655756,0.6753737061924928
2020-09-09,44.69810241263392,-122.22360974743276,0.6794169877480433
2020-09-09,44.714811076918544,-122.1637819495104,0.7140497032995509
2020-09-09,44.725051871157504,-122.17186678706749,0.7320118079818252
2020-09-09,44.67923779166741,-122.19558231056824,1.7534906838001558
2020-09-09,44.69594645595203,-122.24247436839926,0.6782744661910112
2020-09-09,44.70079735848628,-122.23816245503548,0.6549132726318071
2020-09-09,44.69486847761109,-122.21714187738708,0.6612372940578075
2020-09-09,44.69810241263392,-122.19666028890916,0.710140233586943
2020-09-09,44.70025836931581,-122.2300776174784,0.6641097073555049
2020-09-09,44.69864140180439,-122.237623465865,0.6540322819139317
2020-09-09,44.73313670871458,-122.16216498199896,0.6605173901203194
2020-09-09,44.710499163554765,-122.1880364621816,0.7161791734732758
2020-09-09,44.70564826102052,-122.18318555964736,0.7097795806090872
2020-09-09,44.72073995779373,-122.24840324927445,0.6987507441368345
2020-09-09,44.714811076918544,-122.17563971126076,0.7629907539272096
2020-09-09,44.694329488440616,-122.21768086655756,0.6660614149236229
2020-09-09,44.70349230433864,-122.23870144420596,0.6457607869968177
2020-09-09,44.71211613106618,-122.16270397116944,0.6850630621599862
2020-09-09,44.72073995779373,-122.18156859213596,0.6828239608338927
2020-09-09,44.72343490364609,-122.17941263545409,0.7174310842960809
2020-09-09,44.68301071586071,-122.19504332139776,0.6710443412107892
2020-09-09,44.7099601743843,-122.18372454881784,0.7006701857636286
2020-09-09,44.72666883866892,-122.15246317693048,0.7778131049749386
2020-09-09,44.69864140180439,-122.2435523467402,0.6812181206969969
2020-09-09,44.71319410940713,-122.18372454881784,0.6830290503943608
2020-09-09,44.67923779166741,-122.1923483755454,0.6735505694152022
2020-09-09,44.725051871157504,-122.14222238269151,0.6983372673298699
2020-09-09,44.70349230433864,-122.19288736471586,0.7142587687326107
2020-09-09,44.735292665396464,-122.15731407946473,0.8846355308248479
2020-09-09,44.71319410940713,-122.24247436839926,0.7114840091874569
2020-09-09,44.70025836931581,-122.2360064983536,0.6459781935219134
2020-09-09,44.69810241263392,-122.24786426010398,0.7047977977799206
2020-09-09,44.68786161839496,-122.20474512646624,1.8082887711792655
2020-09-09,44.73690963290788,-122.15893104697616,0.6578959137593363
2020-09-09,44.69756342346345,-122.22792166079653,0.6667385877495818
2020-09-09,44.71103815272524,-122.1864194946702,0.7025945239991692
2020-09-09,44.72720782783939,-122.17024981955603,0.707448783594173
2020-09-09,44.725590860327976,-122.16809386287416,0.7310547466065652
2020-09-09,44.71966197945279,-122.13252057762304,0.6954164704899144
2020-09-09,44.72828580618033,-122.16593790619228,0.7162479768129123
2020-09-09,44.69540746678156,-122.2225317690918,0.6531663805854778
2020-09-09,44.68840060756543,-122.20258916978436,0.6990475852528024
2020-09-09,44.71157714189571,-122.24031841171735,0.7056619265649842
2020-09-09,44.69379049927014,-122.2074400723186,0.680709067334802
2020-09-09,44.69594645595203,-122.21175198568235,0.6878828560532114
2020-09-09,44.70079735848628,-122.24570830342208,2.116110345316923
2020-09-09,44.68031577000835,-122.19450433222728,0.6927727655789722
2020-09-09,44.71319410940713,-122.2451693142516,0.6939298719399815
2020-09-09,44.70888219604336,-122.24031841171735,0.7059334962323214
2020-09-09,44.72612984949845,-122.15839205780568,0.708232504835849
2020-09-09,44.70564826102052,-122.18102960296548,0.7157613614979854
2020-09-09,44.72612984949845,-122.16971083038558,0.7188240079399902
2020-09-09,44.68678364005401,-122.1977382672501,0.6800576980546815
2020-09-09,44.73637064373741,-122.16108700365804,0.8077505632989491
2020-09-09,44.69756342346345,-122.22684368245558,0.6702412527090279
2020-09-09,44.72020096862326,-122.17995162462454,0.6744550475477927
2020-09-09,44.67815981332647,-122.19558231056824,0.6913297063481125
2020-09-09,44.725051871157504,-122.14869025273718,0.6954827997989034
2020-09-09,44.72397389281656,-122.18372454881784,0.7132739836685399
2020-09-09,44.69810241263392,-122.20258916978436,0.6904852446491418
2020-09-09,44.69486847761109,-122.21282996402331,0.681440505977825
2020-09-09,44.69702443429298,-122.20797906148908,0.70378311897337
2020-09-09,44.73960457876024,-122.15677509029426,0.6526167392718895
2020-09-09,44.7288247953508,-122.17240577623794,0.7738937418609912
2020-09-09,44.71912299028232,-122.17941263545409,0.6894796947865808
2020-09-09,44.70834320687288,-122.24031841171735,0.7073616868067955
2020-09-09,44.72828580618033,-122.17024981955603,0.7078235573507099
2020-09-09,44.706726239361466,-122.24031841171735,0.663444097506468
2020-09-09,44.72666883866892,-122.1616259928285,0.7172525470506387
2020-09-09,44.69379049927014,-122.20151119144342,0.7034339990268381
2020-09-09,44.715350066089016,-122.24409133591068,0.7034807624144908
2020-09-09,44.70510927185005,-122.18695848384068,0.7549196766085499
2020-09-09,44.70834320687288,-122.1901924188635,0.7382234357508375
2020-09-09,44.725590860327976,-122.1729447654084,0.7180874811182991
2020-09-09,44.706726239361466,-122.1923483755454,0.7350126275114635
2020-09-09,44.69540746678156,-122.19719927807964,0.7224233454898483
2020-09-09,44.70780421770241,-122.19342635388634,0.7164107723578177
2020-09-09,44.70726522853194,-122.23546750918312,0.7041483916219187
2020-09-09,44.715350066089016,-122.18911444052256,0.7225487104012303
2020-09-09,44.692173531758726,-122.20474512646624,0.6832816296916122
2020-09-09,44.70726522853194,-122.19342635388634,0.7132704454696639
2020-09-09,44.735292665396464,-122.16216498199896,1.0705008099966997
2020-09-09,44.70564826102052,-122.18911444052256,0.7314127186388989
2020-09-09,44.71427208774807,-122.1653989170218,0.6948924988522162
2020-09-09,44.67869880249694,-122.1901924188635,0.681658803553185
2020-09-09,44.73690963290788,-122.15947003614662,0.6570469408192925
2020-09-09,44.70564826102052,-122.19073140803395,0.7131879314433913
2020-09-09,44.725590860327976,-122.16216498199896,0.7291384696435388
2020-09-09,44.716967033600426,-122.15839205780568,0.7253806751349295
2020-09-09,44.694329488440616,-122.22630469328512,1.224397709177977
2020-09-09,44.70942118521383,-122.23438953084218,1.51947191756687
2020-09-09,44.72020096862326,-122.25055920595634,0.7108154846932592
2020-09-09,44.70942118521383,-122.19342635388634,0.7265020663621301
2020-09-09,44.72666883866892,-122.14599530688484,0.6879430567130509
2020-09-09,44.70564826102052,-122.2360064983536,0.6620302663844023
2020-09-09,44.71858400111184,-122.13144259928208,0.8214727386184643
2020-09-09,44.722895914475615,-122.171327797897,0.6955863627180059
2020-09-09,44.69594645595203,-122.22307075826228,0.6522216793819017
2020-09-09,44.696485445122505,-122.22792166079653,0.6656797858593345
2020-09-09,44.737987611248826,-122.15623610112378,1.1254705761709785
2020-09-09,44.684088694201655,-122.19558231056824,0.6718443302049477
2020-09-09,44.69486847761109,-122.2149859207052,0.6754723018316882
2020-09-09,44.704570282679576,-122.23438953084218,0.6626722198517331
2020-09-09,44.71157714189571,-122.17941263545409,0.6844993744900789
2020-09-09,44.69810241263392,-122.23115559581936,0.6516378485010542
2020-09-09,44.721278946964205,-122.15084620941909,0.7124269059879089
2020-09-09,44.69756342346345,-122.22468772577368,0.6686931678313751
2020-09-09,44.72451288198703,-122.13575451264586,0.7004774052047418
2020-09-09,44.71319410940713,-122.18210758130644,0.7130609692546498
2020-09-09,44.725590860327976,-122.14599530688484,0.6911060163880877
2020-09-09,44.69540746678156,-122.24840324927445,2.4623323277494613
2020-09-09,44.731519741203165,-122.16108700365804,0.6803756148804578
2020-09-09,44.70618725019099,-122.18749747301116,0.7249836130628785
2020-09-09,44.69486847761109,-122.2166028882166,0.6645857601268579
2020-09-09,44.70888219604336,-122.19127039720443,0.7482534979102073
2020-09-09,44.72020096862326,-122.1330595667935,0.697400294102182
2020-09-09,44.7099601743843,-122.2419353792288,0.7088454240209806
2020-09-09,44.69702443429298,-122.22953862830794,0.6549135160677991
2020-09-09,44.70079735848628,-122.24139639005833,0.6568313350992941
2020-09-09,44.71157714189571,-122.1880364621816,0.7057459650286004
2020-09-09,44.71858400111184,-122.15246317693048,2.0091723458332797
2020-09-09,44.68732262922448,-122.20312815895484,0.6933639827288162
2020-09-09,44.69379049927014,-122.20905703983,0.6806420888586638
2020-09-09,44.7137330985776,-122.16324296033991,0.685425134466035
2020-09-09,44.69594645595203,-122.20528411563672,0.6926928416152828
2020-09-09,44.710499163554765,-122.1826465704769,0.6949224339997233
2020-09-09,44.72828580618033,-122.14330036103246,1.01596272689614
2020-09-09,44.71103815272524,-122.18534151632926,0.6982011204390846
2020-09-09,44.72612984949845,-122.16647689536276,0.7383215479399147
2020-09-09,44.69864140180439,-122.20797906148908,0.695226524674398
2020-09-09,44.71966197945279,-122.1330595667935,0.6977600388218442
2020-09-09,44.725051871157504,-122.14761227439624,0.6920346271353417
2020-09-09,44.70834320687288,-122.19558231056824,0.8167034281276484
2020-09-09,44.69702443429298,-122.20043321310249,0.7003837566901961
2020-09-09,44.714811076918544,-122.16971083038558,0.6961547016239006
2020-09-09,44.70942118521383,-122.1864194946702,0.6957968268168578
2020-09-09,44.70187533682722,-122.2397794225469,0.648405103210588
2020-09-09,44.69540746678156,-122.20043321310249,0.7062583517010613
2020-09-09,44.721278946964205,-122.17510072209028,0.6940086307208998
2020-09-09,44.69379049927014,-122.21983682323943,0.6680597851709027
2020-09-09,44.71427208774807,-122.24139639005833,0.704118719187985
2020-09-09,44.71912299028232,-122.1885754513521,1.010449501073438
2020-09-09,44.74014356793072,-122.15839205780568,0.8602608014360307
2020-09-09,44.716967033600426,-122.18534151632926,0.6841462197009692
2020-09-09,44.69001757507685,-122.20905703983,0.6842202103604355
2020-09-09,44.70133634765675,-122.2360064983536,0.6440724808927906
2020-09-09,44.69756342346345,-122.1977382672501,0.7058567681648946
2020-09-09,44.72612984949845,-122.1384494584982,0.8454964638181082
2020-09-09,44.70187533682722,-122.19666028890916,0.7116489946645679
2020-09-09,44.69810241263392,-122.2360064983536,0.6537841085196701
2020-09-09,44.73421468705553,-122.16270397116944,0.6729444732424258
2020-09-09,44.70726522853194,-122.18049061379502,0.7260385184960858
2020-09-09,44.72020096862326,-122.18156859213596,0.6683622497039975
2020-09-09,44.7099601743843,-122.18049061379502,0.6864645781255783
2020-09-09,44.7099601743843,-122.18156859213596,0.6849127525054145
2020-09-09,44.72451288198703,-122.18318555964736,0.7059753448140575
2020-09-09,44.72073995779373,-122.15192418776002,0.7169716966848043
2020-09-09,44.70510927185005,-122.19558231056824,0.7170806975220426
2020-09-09,44.72612984949845,-122.17456173291984,0.7157976089952639
2020-09-09,44.6927125209292,-122.20474512646624,0.6938264515019473
2020-09-09,44.69486847761109,-122.22468772577368,0.6606501234971625
2020-09-09,44.69702443429298,-122.20474512646624,0.7058227690148703
2020-09-09,44.69971938014533,-122.1977382672501,0.6990481921104453
2020-09-09,44.702953315168166,-122.19881624559105,0.7080776753740471
2020-09-09,44.71858400111184,-122.1880364621816,0.7219491714636515
2020-09-09,44.70079735848628,-122.23331155250123,0.6505141381556132
2020-09-09,44.72666883866892,-122.14976823107811,0.7009679868581208
2020-09-09,44.69756342346345,-122.2133689531938,0.6946949973421481
2020-09-09,44.69486847761109,-122.22037581240993,0.665653188691684
2020-09-09,44.72020096862326,-122.13198158845256,0.6919151280892587
2020-09-09,44.69379049927014,-122.21282996402331,0.684257179499068
2020-09-09,44.70834320687288,-122.17186678706749,0.6990174970245812
2020-09-09,44.69055656424732,-122.2133689531938,0.6879813897249536
2020-09-09,44.725590860327976,-122.15461913361236,0.7001824382221513
2020-09-09,44.73044176286222,-122.15893104697616,0.843284477073745
2020-09-09,44.70888219604336,-122.17186678706749,0.7088425700236359
2020-09-09,44.72181793613468,-122.24624729259256,1.3461231964306137
2020-09-09,44.71211613106618,-122.18426353798831,0.6997583377877693
2020-09-09,44.70187533682722,-122.1901924188635,0.7101217982854084
2020-09-09,44.68031577000835,-122.1923483755454,0.681293922699198
2020-09-09,44.70025836931581,-122.1939653430568,0.7118782172660084
2020-09-09,44.69594645595203,-122.24786426010398,0.8522118751896328
2020-09-09,44.73259771954411,-122.16432093868086,0.6725155023208852
2020-09-09,44.71103815272524,-122.18695848384068,0.7097666874815107
2020-09-09,44.69702443429298,-122.21175198568235,0.6941438031993277
2020-09-09,44.73259771954411,-122.16054801448756,0.6669128341430358
2020-09-09,44.70349230433864,-122.1977382672501,0.7093989508334034
2020-09-09,44.72073995779373,-122.18588050549972,0.822856725228058
2020-09-09,44.67977678083789,-122.1923483755454,0.6813041418367897
2020-09-09,44.706726239361466,-122.18911444052256,0.7284771069101665
2020-09-09,44.71966197945279,-122.18318555964736,0.6732803770973766
2020-09-09,44.69864140180439,-122.23816245503548,1.5841201044498106
2020-09-09,44.71211613106618,-122.24031841171735,0.710544561378651
2020-09-09,44.67923779166741,-122.19450433222728,0.6813771275779594
2020-09-09,44.74014356793072,-122.15677509029426,0.8607780219438964
2020-09-09,44.70888219604336,-122.19558231056824,1.849249593035914
2020-09-09,44.71211613106618,-122.18318555964736,0.6948734939824942
2020-09-09,44.7137330985776,-122.18049061379502,0.718166881521607
2020-09-09,44.69971938014533,-122.20366714812528,0.6941285884136469
2020-09-09,44.68462768337213,-122.1939653430568,1.6648070477015748
2020-09-09,44.69918039097486,-122.20474512646624,0.6926114758275753
2020-09-09,44.694329488440616,-122.22468772577368,0.6660662219572746
2020-09-09,44.69918039097486,-122.19935523476153,0.6967464645895921
2020-09-09,44.70726522853194,-122.1729447654084,0.9327850791790158
2020-09-09,44.72828580618033,-122.14707328522576,0.8469085280871718
2020-09-09,44.70025836931581,-122.18965342969304,0.7103037679447097
2020-09-09,44.72828580618033,-122.1691718412151,0.7076122350887215
2020-09-09,44.716967033600426,-122.25055920595634,0.6863051106924091
2020-09-09,44.69756342346345,-122.22360974743276,0.6782171436376198
2020-09-09,44.704570282679576,-122.18965342969304,0.7231972449625371
2020-09-09,44.721278946964205,-122.18210758130644,0.683488097706506
2020-09-09,44.69325151009967,-122.20097220227294,1.2971264165487097
2020-09-09,44.71211613106618,-122.19127039720443,0.7112083304165737
2020-09-09,44.72073995779373,-122.15947003614662,0.9993808003437047
2020-09-09,44.727746817009866,-122.17240577623794,0.7229645356123413
2020-09-09,44.7099601743843,-122.2397794225469,0.7128864184231224
2020-09-09,44.725051871157504,-122.17348375457888,0.7184649885442351
2020-09-09,44.71966197945279,-122.16108700365804,0.7654678421395714
2020-09-09,44.716428044429954,-122.16432093868086,0.6987329660667975
2020-09-09,44.72181793613468,-122.1503072202486,0.7152231322591451
2020-09-09,44.68678364005401,-122.19935523476153,0.6736784053273259
2020-09-09,44.71588905525949,-122.1637819495104,0.7336137318585121
2020-09-09,44.725590860327976,-122.15084620941909,0.6989125749439576
2020-09-09,44.71804501194137,-122.16054801448756,0.7110896144030837
2020-09-09,44.71858400111184,-122.24570830342208,0.7183622179421426
2020-09-09,44.70942118521383,-122.19073140803395,0.738331587181276
2020-09-09,44.7137330985776,-122.17725667877218,0.6956846089703619
2020-09-09,44.70025836931581,-122.23708447669456,0.6489473515807496
2020-09-09,44.72720782783939,-122.1481512635667,0.6990635497040556
2020-09-09,44.69702443429298,-122.21013501817096,0.6971427463638993
2020-09-09,44.71588905525949,-122.16863285204464,0.6817729010757487
2020-09-09,44.72235692530514,-122.18426353798831,0.6942224494807518
2020-09-09,44.69486847761109,-122.20097220227294,0.7084797767388675
2020-09-09,44.712655120236654,-122.17402274374936,0.6839058696555838
2020-09-09,44.70133634765675,-122.22953862830794,0.6651438639153568
2020-09-09,44.71211613106618,-122.18102960296548,0.6821449169810618
2020-09-09,44.731519741203165,-122.1600090253171,0.792592110265656
2020-09-09,44.696485445122505,-122.25055920595634,1.4462952174519152
2020-09-09,44.71103815272524,-122.19288736471586,0.8709129208180393
2020-09-09,44.71966197945279,-122.25002021678588,0.685556789706239
2020-09-09,44.71588905525949,-122.1880364621816,0.7059929310623934
2020-09-09,44.73421468705553,-122.1600090253171,0.6677167552760502
2020-09-09,44.71858400111184,-122.16054801448756,0.7272467962754448
2020-09-09,44.71211613106618,-122.1691718412151,1.694043996622481
2020-09-09,44.71211613106618,-122.1923483755454,0.9008521255592187
2020-09-09,44.71912299028232,-122.18210758130644,0.6875098339675589
2020-09-09,44.702414325997694,-122.18588050549972,0.6997741100475542
2020-09-09,44.710499163554765,-122.18210758130644,0.6902113555401121
2020-09-09,44.681932737519766,-122.19342635388634,0.6674462343036657
2020-09-09,44.70133634765675,-122.228460649967,1.583004655365945
2020-09-09,44.73044176286222,-122.16108700365804,0.8951409192139866
2020-09-09,44.72612984949845,-122.16432093868086,0.7346038942382914
2020-09-09,44.71804501194137,-122.18695848384068,0.6854077484152978
2020-09-09,44.70780421770241,-122.19180938637491,0.7201312974998398
2020-09-09,44.68354970503118,-122.19450433222728,0.6712946721223217
2020-09-09,44.71319410940713,-122.17186678706749,0.692623071533273
2020-09-09,44.706726239361466,-122.18749747301116,0.7258483119444238
2020-09-09,44.7175060227709,-122.2494812276154,0.6837785973615306
2020-09-09,44.67869880249694,-122.19558231056824,0.8770700187208738
2020-09-09,44.72451288198703,-122.1503072202486,0.6912932300855713
2020-09-09,44.71966197945279,-122.17779566794266,0.6840228931917258
2020-09-09,44.72343490364609,-122.1670158845332,0.7465779374952898
2020-09-09,44.727746817009866,-122.16647689536276,0.7183843958424363
2020-09-09,44.69055656424732,-122.20690108314813,0.6912425247827608
2020-09-09,44.71966197945279,-122.2451693142516,0.7191549924942364
2020-09-09,44.71157714189571,-122.1826465704769,0.7068931014645804
2020-09-09,44.71211613106618,-122.17833465711313,0.6765839052099027
2020-09-09,44.72720782783939,-122.16108700365804,0.7140831932576092
2020-09-09,44.702953315168166,-122.19504332139776,0.7180020210809146
2020-09-09,44.70079735848628,-122.22792166079653,1.4822248883386506
2020-09-09,44.73205873037364,-122.15947003614662,0.6686279197774517
2020-09-09,44.716967033600426,-122.16324296033991,0.6934113464576643
2020-09-09,44.696485445122505,-122.23385054167171,0.657215171333882
2020-09-09,44.694329488440616,-122.20797906148908,0.6816508385880945
2020-09-09,44.72828580618033,-122.14599530688484,0.7889847401778471
2020-09-09,44.71319410940713,-122.16108700365804,0.6959012445425186
2020-09-09,44.69810241263392,-122.1901924188635,0.7254919655473756
2020-09-09,44.710499163554765,-122.1864194946702,0.713244075192886
2020-09-09,44.7175060227709,-122.15569711195332,0.730924787200765
2020-09-09,44.706726239361466,-122.19450433222728,0.7196465620743328
2020-09-09,44.71103815272524,-122.18318555964736,0.6986000871340935
2020-09-09,44.71966197945279,-122.18534151632926,0.6748181214066283
2020-09-09,44.72235692530514,-122.17995162462454,0.691095897789388
2020-09-09,44.68840060756543,-122.19881624559105,1.6592253116256623
2020-09-09,44.70187533682722,-122.1864194946702,0.7211497131927639
2020-09-09,44.722895914475615,-122.17456173291984,0.7045971791707343
2020-09-09,44.70726522853194,-122.18749747301116,0.7273996358159375
2020-09-09,44.70618725019099,-122.1880364621816,0.7233921303870987
2020-09-09,44.727746817009866,-122.16593790619228,0.720215818331699
2020-09-09,44.72181793613468,-122.17725667877218,0.6944641832526114
2020-09-09,44.68354970503118,-122.19558231056824,0.6716820646901988
2020-09-09,44.70780421770241,-122.17348375457888,0.8478061196103432
2020-09-09,44.69810241263392,-122.22899963913748,0.6579451607036179
2020-09-09,44.69756342346345,-122.20528411563672,0.7153767167016482
2020-09-09,44.71804501194137,-122.24570830342208,0.7047026053165534
2020-09-09,44.71157714189571,-122.17617870043124,0.689286893093865
2020-09-09,44.694329488440616,-122.199894223932,0.71152678136045
2020-09-09,44.72397389281656,-122.18049061379502,0.7122346829341943
2020-09-09,44.716428044429954,-122.15677509029426,0.7322688887133931
2020-09-09,44.70025836931581,-122.2419353792288,0.6597155130293737
2020-09-09,44.7137330985776,-122.1880364621816,0.6895426108738002
2020-09-09,44.7288247953508,-122.1691718412151,0.7143076131026579
2020-09-09,44.704570282679576,-122.18426353798831,0.7158496311782518
2020-09-09,44.67708183498552,-122.19666028890916,0.6964293811518741
2020-09-09,44.71319410940713,-122.1691718412151,0.7074166351560764
2020-09-09,44.72181793613468,-122.1826465704769,0.6964015166475075
2020-09-09,44.694329488440616,-122.21013501817096,0.6834030255085981
2020-09-09,44.714811076918544,-122.17186678706749,0.7192954246474265
2020-09-09,44.725590860327976,-122.16971083038558,0.7196833659386235
2020-09-09,44.716428044429954,-122.18749747301116,0.7095164877812292
2020-09-09,44.722895914475615,-122.15192418776002,0.7044711085213221
2020-09-09,44.71804501194137,-122.1885754513521,0.7460695820142879
2020-09-09,44.71588905525949,-122.18156859213596,0.7183846363721005
2020-09-09,44.71858400111184,-122.18480252715878,0.6980604637261688
2020-09-09,44.72612984949845,-122.15947003614662,0.7132147436107544
2020-09-09,44.727746817009866,-122.14222238269151,1.0487878575111866
2020-09-09,44.69756342346345,-122.22953862830794,0.6583512315844958
2020-09-09,44.71427208774807,-122.18695848384068,0.6979002243850939
2020-09-09,44.72828580618033,-122.1670158845332,0.713477971547193
2020-09-09,44.70510927185005,-122.19288736471586,0.71411780487425
2020-09-09,44.69918039097486,-122.23115559581936,0.6448436236417157
2020-09-09,44.69864140180439,-122.228460649967,0.6688555072295397
2020-09-09,44.69756342346345,-122.22522671494416,0.6666452398144387
2020-09-09,44.69702443429298,-122.24301335756974,0.7510944246056637
2020-09-09,44.72451288198703,-122.17240577623794,0.7186271338302163
2020-09-09,44.70025836931581,-122.19612129973868,0.7108544964294236
2020-09-09,44.69109555341779,-122.21013501817096,0.6743220148966635
2020-09-09,44.71804501194137,-122.18426353798831,0.700236734351098
2020-09-09,44.72666883866892,-122.1637819495104,0.7250973322171739
2020-09-09,44.67492587830363,-122.19666028890916,0.9376005184609061
2020-09-09,44.70780421770241,-122.23385054167171,0.9774967100560457
2020-09-09,44.696485445122505,-122.2322335741603,0.6566864741769145
2020-09-09,44.70942118521383,-122.17833465711313,0.6866786158679954
2020-09-09,44.69864140180439,-122.20151119144342,0.6955188570909167
2020-09-09,44.70888219604336,-122.23654548752408,0.7147611777963196
2020-09-09,44.71157714189571,-122.1885754513521,0.7081959205824696
2020-09-09,44.70349230433864,-122.2397794225469,0.6510576603253397
2020-09-09,44.72720782783939,-122.14383935020294,0.6936624231647317
2020-09-09,44.70187533682722,-122.19719927807964,0.709831499752628
2020-09-09,44.69325151009967,-122.21606389904616,0.6779024160907229
2020-09-09,44.722895914475615,-122.15300216610096,0.7043484286629375
2020-09-09,44.716428044429954,-122.18534151632926,0.7114304191984631
2020-09-09,44.69325151009967,-122.2074400723186,0.6813843543597189
2020-09-09,44.725590860327976,-122.16485992785134,0.7388172173931338
2020-09-09,44.69810241263392,-122.23654548752408,0.6553605123004386
2020-09-09,44.7288247953508,-122.15731407946473,0.9376596593133121
2020-09-09,44.725051871157504,-122.17240577623794,0.7260268546791016
2020-09-09,44.722895914475615,-122.1691718412151,1.2399422800663065
2020-09-09,44.7175060227709,-122.18480252715878,0.6947378106400931
2020-09-09,44.72720782783939,-122.14761227439624,0.6942416717308604
2020-09-09,44.69971938014533,-122.22738267162605,0.6658360401622493
2020-09-09,44.696485445122505,-122.22145379075086,0.6639541650688063
2020-09-09,44.702953315168166,-122.19935523476153,0.8378860262048569
2020-09-09,44.69325151009967,-122.20582310480718,0.6875481257681904
2020-09-09,44.70726522853194,-122.19450433222728,0.7116184221779218
2020-09-09,44.68947858590637,-122.20420613729576,0.6956434671459817
2020-09-09,44.710499163554765,-122.17510072209028,0.69737756095482
2020-09-09,44.70618725019099,-122.18534151632926,0.740986012793018
2020-09-09,44.72073995779373,-122.1788736462836,0.6867817866928694
2020-09-09,44.71211613106618,-122.1653989170218,1.8074404747902082
2020-09-09,44.7099601743843,-122.1939653430568,0.9529595355112422
2020-09-09,44.71319410940713,-122.1864194946702,0.7018294924876822
2020-09-09,44.70025836931581,-122.23169458498982,0.666704078167307
2020-09-09,44.710499163554765,-122.19180938637491,0.729865274873403
2020-09-09,44.73637064373741,-122.15893104697616,0.7245633767933243
2020-09-09,44.725051871157504,-122.15246317693048,0.7018625189722348
2020-09-09,44.72451288198703,-122.14976823107811,0.6936663644146064
2020-09-09,44.69702443429298,-122.21444693153472,0.6852141288191494
2020-09-09,44.70726522853194,-122.1885754513521,0.723629632208076
2020-09-09,44.7385266004193,-122.15839205780568,0.6563746418054757
2020-09-09,44.715350066089016,-122.15893104697616,0.7057576881518748
2020-09-09,44.71858400111184,-122.15354115527144,0.7296856320876167
2020-09-09,44.70403129350911,-122.23492852001266,0.6577240817104693
2020-09-09,44.722895914475615,-122.15138519858954,0.7044833343462816
2020-09-09,44.694329488440616,-122.21983682323943,0.6710097263544991
2020-09-09,44.71319410940713,-122.1637819495104,0.6886444580802176
2020-09-09,44.725590860327976,-122.17671768960172,0.698495104649439
2020-09-09,44.69918039097486,-122.23331155250123,0.6446706926791581
2020-09-09,44.696485445122505,-122.21229097485283,0.6916115874096707
2020-09-09,44.712655120236654,-122.17348375457888,0.6850658337747707
2020-09-09,44.721278946964205,-122.18156859213596,0.6786385586102145
2020-09-09,44.70564826102052,-122.24085740088783,0.6463396203936059
2020-09-09,44.704570282679576,-122.1939653430568,0.7069553826925195
2020-09-09,44.70834320687288,-122.23816245503548,0.7149349804887892
2020-09-09,44.677620824156,-122.18911444052256,0.7001570367673106
2020-09-09,44.727746817009866,-122.14922924190763,0.6937743364287298
2020-09-09,44.69702443429298,-122.19612129973868,0.70888268793895
2020-09-09,44.69486847761109,-122.20420613729576,0.6933774096388948
2020-09-09,44.72397389281656,-122.1368324909868,0.700983693306819
2020-09-09,44.70025836931581,-122.20528411563672,0.6935717188809045
2020-09-09,44.696485445122505,-122.19504332139776,0.7181661867372491
2020-09-09,44.73044176286222,-122.16270397116944,0.7051274710341758
2020-09-09,44.710499163554765,-122.17833465711313,0.7004234678169848
2020-09-09,44.7137330985776,-122.17779566794266,0.6923852757611835
2020-09-09,44.725590860327976,-122.1443783393734,0.6950650610187968
2020-09-09,44.69486847761109,-122.2133689531938,0.6815371875147971
2020-09-09,44.67869880249694,-122.19288736471586,0.6715140852045195
2020-09-09,44.71588905525949,-122.2435523467402,0.7007746299969737
2020-09-09,44.69918039097486,-122.24409133591068,0.6716355323771396
2020-09-09,44.69486847761109,-122.25002021678588,0.8084580270709397
2020-09-09,44.69864140180439,-122.23277256333076,0.6441942851083199
2020-09-09,44.725590860327976,-122.15893104697616,0.714736221554675
2020-09-09,44.69109555341779,-122.20851805065952,0.6822400050944325
2020-09-09,44.7175060227709,-122.24840324927445,0.6874241816824536
2020-09-09,44.71157714189571,-122.2397794225469,0.7092151795317649
2020-09-09,44.702953315168166,-122.23708447669456,0.6414981212433837
2020-09-09,44.69918039097486,-122.21175198568235,1.33828514193353
2020-09-09,44.70403129350911,-122.23331155250123,0.6590619488543588
2020-09-09,44.69055656424732,-122.20797906148908,0.6787648600691579
2020-09-09,44.714811076918544,-122.17240577623794,0.7200656712206649
2020-09-09,44.71211613106618,-122.17563971126076,0.6922813260930856
2020-09-09,44.70187533682722,-122.23115559581936,0.6719068068317715
2020-09-09,44.70564826102052,-122.237623465865,0.6532410983170569
2020-09-09,44.6889395967359,-122.20366714812528,0.7081704822585598
2020-09-09,44.72720782783939,-122.17186678706749,0.7215178776891609
2020-09-09,44.70888219604336,-122.23546750918312,0.7197673430358184
2020-09-09,44.69325151009967,-122.20312815895484,0.6965603540023703
2020-09-09,44.68678364005401,-122.199894223932,0.6721897926514783
2020-09-09,44.69379049927014,-122.2225317690918,0.6687045872274098
2020-09-09,44.69864140180439,-122.20258916978436,0.6971830604775425
2020-09-09,44.714811076918544,-122.171327797897,0.719413999813045
2020-09-09,44.72073995779373,-122.18480252715878,0.6861440623401849
2020-09-09,44.69702443429298,-122.2360064983536,0.9842019374903654
2020-09-09,44.72990277369175,-122.1578530686352,0.6928135692140655
2020-09-09,44.71427208774807,-122.18911444052256,0.69327176786466
2020-09-09,44.6889395967359,-122.199894223932,0.6941608653907915
2020-09-09,44.73906558958977,-122.15731407946473,0.6533130036629783
2020-09-09,44.70133634765675,-122.23654548752408,0.647945224245151
2020-09-09,44.71319410940713,-122.18965342969304,0.7058203102159968
2020-09-09,44.69971938014533,-122.2473252709335,0.7741162430936126
2020-09-09,44.72073995779373,-122.17510072209028,0.7761067595286051
2020-09-09,44.7175060227709,-122.25055920595634,1.3415906635469543
2020-09-09,44.71858400111184,-122.12820866425926,0.6901783510661434
2020-09-09,44.70025836931581,-122.19073140803395,0.7102758386808637
2020-09-09,44.716428044429954,-122.17186678706749,1.5433636858501008
2020-09-09,44.7137330985776,-122.1826465704769,0.7220790675820467
2020-09-09,44.70780421770241,-122.18911444052256,0.7341877304302127
2020-09-09,44.69864140180439,-122.2133689531938,2.375281991456849
2020-09-09,44.71804501194137,-122.24624729259256,0.6933773566456665
2020-09-09,44.706726239361466,-122.18102960296548,0.7263334739906434
2020-09-09,44.72666883866892,-122.14006642600964,0.6887491011363304
2020-09-09,44.712655120236654,-122.24031841171735,0.7145448258285687
2020-09-09,44.67654284581505,-122.1885754513521,1.0654600813512094
2020-09-09,44.684088694201655,-122.1939653430568,0.6788054201360875
2020-09-09,44.725051871157504,-122.17510072209028,0.7186167221004022
2020-09-09,44.7175060227709,-122.24463032508116,0.7075645902270681
2020-09-09,44.71858400111184,-122.13036462094114,0.689387941967542
2020-09-09,44.69971938014533,-122.19073140803395,0.7241475151938513
2020-09-09,44.70780421770241,-122.18210758130644,0.7506102553023175
2020-09-09,44.70942118521383,-122.18749747301116,0.6923190231627165
2020-09-09,44.69864140180439,-122.23385054167171,0.6402621052126061
2020-09-09,44.69971938014533,-122.24085740088783,2.8421925181854886
2020-09-09,44.70349230433864,-122.18372454881784,1.9750967701418451
2020-09-09,44.70780421770241,-122.17941263545409,0.7288069374596207
2020-09-09,44.706726239361466,-122.18480252715878,0.7510309548451533
2020-09-09,44.69540746678156,-122.24894223844493,2.102169792757392
2020-09-09,44.6927125209292,-122.21983682323943,1.475032775760981
2020-09-09,44.72720782783939,-122.16971083038558,0.7017309242513368
2020-09-09,44.70888219604336,-122.1826465704769,0.7119094570154684
2020-09-09,44.72612984949845,-122.16108700365804,0.7217829122679086
2020-09-09,44.67869880249694,-122.1939653430568,0.680675020340163
2020-09-09,44.71319410940713,-122.2397794225469,0.7272137351235516
2020-09-09,44.722895914475615,-122.17833465711313,0.7135436463976466
2020-09-09,44.69756342346345,-122.22307075826228,0.6788662402068606
2020-09-09,44.7175060227709,-122.16593790619228,0.7819426793430766
2020-09-09,44.72720782783939,-122.16270397116944,0.716176658026223
2020-09-09,44.71912299028232,-122.15569711195332,0.721351165176167
2020-09-09,44.71588905525949,-122.25217617346776,1.0667162824059992
2020-09-09,44.70834320687288,-122.19127039720443,0.7248023816092525
2020-09-09,44.69540746678156,-122.2494812276154,1.5491181222005777
2020-09-09,44.70133634765675,-122.2419353792288,0.6566975322068112
2020-09-09,44.71804501194137,-122.25002021678588,0.6924238532228023
2020-09-09,44.70510927185005,-122.237623465865,0.6557081500682115
2020-09-09,44.706726239361466,-122.1901924188635,0.7343418077341823
2020-09-09,44.71427208774807,-122.18102960296548,0.704160047144781
2020-09-09,44.71588905525949,-122.1653989170218,0.6919826971678035
2020-09-09,44.71588905525949,-122.17186678706749,0.837669777258228
2020-09-09,44.68570566171307,-122.19881624559105,0.672329948205163
2020-09-09,44.70025836931581,-122.20366714812528,0.692389973535827
2020-09-09,44.715350066089016,-122.1616259928285,0.706151264983152
2020-09-09,44.69379049927014,-122.2166028882166,0.6701459759282906
2020-09-09,44.7137330985776,-122.1637819495104,0.6913845877370007
2020-09-09,44.692173531758726,-122.21013501817096,0.6903209893241102
2020-09-09,44.694329488440616,-122.21067400734142,0.6808549479713957
2020-09-09,44.72451288198703,-122.1384494584982,0.697883664919887
2020-09-09,44.70564826102052,-122.19666028890916,0.7285501152177897
2020-09-09,44.714811076918544,-122.24624729259256,0.70026955414932
2020-09-09,44.70726522853194,-122.1864194946702,0.733696744050717
2020-09-09,44.73421468705553,-122.15839205780568,0.7715378145056682
2020-09-09,44.70025836931581,-122.20474512646624,0.6928262047908599
2020-09-09,44.69810241263392,-122.1923483755454,0.717452571461064
2020-09-09,44.71211613106618,-122.18480252715878,0.7010197126691553
2020-09-09,44.72990277369175,-122.1653989170218,0.7034143296424538
2020-09-09,44.70942118521383,-122.24085740088783,0.7050354686069457
2020-09-09,44.725590860327976,-122.1637819495104,0.7326949735937213
2020-09-09,44.69540746678156,-122.199894223932,0.709741701195181
2020-09-09,44.727746817009866,-122.14599530688484,0.6945066768494534
2020-09-09,44.712655120236654,-122.1675548737037,0.7037264556603512
2020-09-09,44.72612984949845,-122.1616259928285,0.7432805282758448
2020-09-09,44.72073995779373,-122.2494812276154,0.696491858148888
2020-09-09,44.68301071586071,-122.19612129973868,0.6686525246177145
2020-09-09,44.710499163554765,-122.24031841171735,0.7070259129931099
2020-09-09,44.70025836931581,-122.23115559581936,0.6660472449147512
2020-09-09,44.69486847761109,-122.21229097485283,0.6800472899296172
2020-09-09,44.704570282679576,-122.19827725642058,1.1730906374317323
2020-09-09,44.71157714189571,-122.17833465711313,0.6834876937995433
2020-09-09,44.733675697885054,-122.15839205780568,1.5016220173199903
2020-09-09,44.70079735848628,-122.19719927807964,0.7119689348005332
2020-09-09,44.72720782783939,-122.1406054151801,0.8217723177485643
2020-09-09,44.692173531758726,-122.20959602900048,0.6925623510210821
2020-09-09,44.722895914475615,-122.1788736462836,0.7094253479196337
2020-09-09,44.71966197945279,-122.13144259928208,0.6907174998954666
2020-09-09,44.71157714189571,-122.17186678706749,0.6927840064139525
2020-09-09,44.72235692530514,-122.13252057762304,1.0962236166570685
2020-09-09,44.722895914475615,-122.15084620941909,0.7070843176936076
2020-09-09,44.70133634765675,-122.20205018061388,0.6902016703301885
2020-09-09,44.71103815272524,-122.24247436839926,0.706940502692281
2020-09-09,44.702414325997694,-122.18965342969304,0.715187564830212
2020-09-09,44.72397389281656,-122.1729447654084,0.7022152527739158
2020-09-09,44.69702443429298,-122.19719927807964,0.7077938774531471
2020-09-09,44.71427208774807,-122.16054801448756,0.7007956579663137
2020-09-09,44.725590860327976,-122.15192418776002,0.6985716859549094
2020-09-09,44.72666883866892,-122.1675548737037,0.7214940221176057
2020-09-09,44.7099601743843,-122.23654548752408,0.712476096701097
2020-09-09,44.70618725019099,-122.2419353792288,1.2510403151839218
2020-09-09,44.69864140180439,-122.22414873660324,2.097192415298779
2020-09-09,44.715350066089016,-122.17833465711313,0.7058341899596352
2020-09-09,44.702414325997694,-122.1939653430568,0.7086843665844215
2020-09-09,44.69163454258826,-122.20366714812528,0.6925819213735643
2020-09-09,44.72020096862326,-122.15246317693048,0.7162069019987697
2020-09-09,44.70780421770241,-122.17833465711313,0.7195150207250264
2020-09-09,44.6851666725426,-122.19612129973868,0.9310115069526028
2020-09-09,44.69594645595203,-122.20474512646624,0.6929187918413552
2020-09-09,44.731519741203165,-122.1616259928285,0.6842228699459391
2020-09-09,44.70187533682722,-122.23169458498982,0.6697028833584091
2020-09-09,44.716428044429954,-122.1670158845332,0.6921782552990079
2020-09-09,44.69756342346345,-122.20420613729576,0.705601216067717
2020-09-09,44.72451288198703,-122.15515812278284,0.7035391337900796
2020-09-09,44.70403129350911,-122.18695848384068,0.7209669339275286
2020-09-09,44.716428044429954,-122.15893104697616,0.7155206424229198
2020-09-09,44.706726239361466,-122.17779566794266,0.7234975439361927
2020-09-09,44.70888219604336,-122.17456173291984,0.7040696920764077
2020-09-09,44.70349230433864,-122.23438953084218,0.6557660019101191
2020-09-09,44.69864140180439,-122.2473252709335,0.6820901573416405
2020-09-09,44.733675697885054,-122.16216498199896,0.6602030248405912
2020-09-09,44.69702443429298,-122.21983682323943,0.6746407839234027
2020-09-09,44.71427208774807,-122.17995162462454,0.7122538213500536
2020-09-09,44.71211613106618,-122.24139639005833,0.7105238123957611
2020-09-09,44.69971938014533,-122.24247436839926,0.6704339527513845
2020-09-09,44.715350066089016,-122.1691718412151,0.6923287382826402
2020-09-09,44.716967033600426,-122.2435523467402,0.709132364937022
2020-09-09,44.69379049927014,-122.20851805065952,0.6836340850342432
2020-09-09,44.712655120236654,-122.17725667877218,0.6828346085800417
2020-09-09,44.72343490364609,-122.17456173291984,0.6925124614018543
2020-09-09,44.694329488440616,-122.25325415180868,2.1249505216802147
2020-09-09,44.696485445122505,-122.19558231056824,0.714648331944921
2020-09-09,44.7175060227709,-122.2451693142516,0.7028395551457279
2020-09-09,44.69594645595203,-122.21768086655756,0.6686766031335484
2020-09-09,44.69055656424732,-122.20851805065952,0.6794240789659246
2020-09-09,44.72451288198703,-122.1653989170218,0.7386253000646242
2020-09-09,44.71966197945279,-122.24678628176304,0.706947181670531
2020-09-09,44.69325151009967,-122.20905703983,0.6826255830383064
2020-09-09,44.694329488440616,-122.21552490987568,0.6720836347715551
2020-09-09,44.681393748349294,-122.1923483755454,0.6682457294589936
2020-09-09,44.73205873037364,-122.16270397116944,0.6736739485853134
2020-09-09,44.72020096862326,-122.17779566794266,0.677591149777609
2020-09-09,44.675464867474105,-122.19666028890916,0.7108518949403374
2020-09-09,44.71858400111184,-122.16270397116944,0.7161366987846441
2020-09-09,44.70403129350911,-122.24139639005833,1.5471609829125859
2020-09-09,44.70834320687288,-122.1885754513521,0.7387026182457465
2020-09-09,44.7288247953508,-122.1653989170218,0.7141701448998531
2020-09-09,44.72235692530514,-122.24786426010398,0.6976415701477846
2020-09-09,44.702414325997694,-122.19558231056824,0.7060712589826593
2020-09-09,44.69756342346345,-122.19558231056824,0.7047500862965528
2020-09-09,44.702414325997694,-122.23654548752408,0.6484019094181849
2020-09-09,44.696485445122505,-122.19450433222728,0.7184350694753143
2020-09-09,44.721278946964205,-122.17563971126076,0.691590099064799
2020-09-09,44.702414325997694,-122.23385054167171,0.6444766264618239
2020-09-09,44.725051871157504,-122.17563971126076,0.7021617378892779
2020-09-09,44.72720782783939,-122.17402274374936,0.7274639435773177
2020-09-09,44.70726522853194,-122.18426353798831,0.7745514530893014
2020-09-09,44.67600385664458,-122.19612129973868,0.7116059022647974
2020-09-09,44.70834320687288,-122.18588050549972,0.7567222176649908
2020-09-09,44.71588905525949,-122.18965342969304,0.7067394867881539
2020-09-09,44.69971938014533,-122.1885754513521,0.7249864649848382
2020-09-09,44.69756342346345,-122.19719927807964,0.707615224870147
2020-09-09,44.69594645595203,-122.19504332139776,0.7216276875212748
2020-09-09,44.72020096862326,-122.17617870043124,0.8164703965919442
2020-09-09,44.710499163554765,-122.18911444052256,0.707026321752747
2020-09-09,44.71912299028232,-122.2473252709335,0.7063384019380067
2020-09-09,44.70349230433864,-122.23546750918312,0.6532443104560849
2020-09-09,44.69810241263392,-122.24301335756974,0.6781677049074258
2020-09-09,44.72666883866892,-122.14869025273718,0.6936995141834874
2020-09-09,44.710499163554765,-122.17995162462454,0.688503568779463
2020-09-09,44.69971938014533,-122.2074400723186,0.6955650298530169
2020-09-09,44.69325151009967,-122.2112129965119,0.6809998357654005
2020-09-09,44.721278946964205,-122.18480252715878,0.6809897972677619
2020-09-09,44.725051871157504,-122.16108700365804,0.7250483228050965
2020-09-09,44.70564826102052,-122.18534151632926,0.7451875314174814
2020-09-09,44.715350066089016,-122.24624729259256,0.7018723934508155
2020-09-09,44.72720782783939,-122.15623610112378,0.9537813407896537
2020-09-09,44.702953315168166,-122.18480252715878,2.667023937354404
2020-09-09,44.716428044429954,-122.12820866425926,0.6963046405990188
2020-09-09,44.69756342346345,-122.19450433222728,0.7149513602891965
2020-09-09,44.70780421770241,-122.1880364621816,0.7480007058844582
2020-09-09,44.725590860327976,-122.17240577623794,0.7149759682870616
2020-09-09,44.69325151009967,-122.25163718429728,0.7621400520468967
2020-09-09,44.69864140180439,-122.20959602900048,0.7045849361892871
2020-09-09,44.70564826102052,-122.18049061379502,0.7174692700511343
2020-09-09,44.69864140180439,-122.2451693142516,0.6798246463935841
2020-09-09,44.7099601743843,-122.1885754513521,0.7056653989173487
2020-09-09,44.696485445122505,-122.24301335756974,0.6772654280070023
2020-09-09,44.70942118521383,-122.23546750918312,0.7172447321390059
2020-09-09,44.7175060227709,-122.1578530686352,0.7208903888306329
2020-09-09,44.72073995779373,-122.24678628176304,0.6999035625703938
2020-09-09,44.72612984949845,-122.14976823107811,0.6919778177293656
2020-09-09,44.69540746678156,-122.21013501817096,0.6903955415996248
2020-09-09,44.6927125209292,-122.20312815895484,0.6951527259735161
2020-09-09,44.696485445122505,-122.22360974743276,0.6585213401081275
2020-09-09,44.72397389281656,-122.17995162462454,0.7046379314004114
2020-09-09,44.70133634765675,-122.19504332139776,0.6983135160534655
2020-09-09,44.7175060227709,-122.24247436839926,1.1035998301791488
2020-09-09,44.69756342346345,-122.22145379075086,0.8000629064845781
2020-09-09,44.72990277369175,-122.1637819495104,0.7098748013780323
2020-09-09,44.70888219604336,-122.17995162462454,0.7094906181440619
2020-09-09,44.70942118521383,-122.18049061379502,0.6981229666541863
2020-09-09,44.70888219604336,-122.1880364621816,0.7015452449320937
2020-09-09,44.725590860327976,-122.1600090253171,0.7194742283939466
2020-09-09,44.69109555341779,-122.21067400734142,0.6773806994085266
2020-09-09,44.71319410940713,-122.17833465711313,0.6891016630323573
2020-09-09,44.69971938014533,-122.199894223932,0.6983600507484785
2020-09-09,44.696485445122505,-122.2187588448985,0.6715888792529489
2020-09-09,44.72990277369175,-122.16216498199896,0.7069616750031338
2020-09-09,44.69594645595203,-122.23277256333076,2.3483677360995223
2020-09-09,44.72451288198703,-122.1826465704769,0.7095034496777441
2020-09-09,44.712655120236654,-122.18372454881784,0.6884969363465359
2020-09-09,44.7385266004193,-122.15893104697616,0.6550491047013566
2020-09-09,44.68085475917882,-122.19342635388634,0.6807635086382191
2020-09-09,44.72235692530514,-122.15839205780568,1.073732692785486
2020-09-09,44.72936378452128,-122.1578530686352,1.0123805712666378
2020-09-09,44.716967033600426,-122.18588050549972,0.6958317459306143
2020-09-09,44.69810241263392,-122.22307075826228,0.7262262715365297
2020-09-09,44.727746817009866,-122.1481512635667,0.6965938959902863
2020-09-09,44.69594645595203,-122.228460649967,0.6466271649250525
2020-09-09,44.73313670871458,-122.1600090253171,0.6657696396126449
2020-09-09,44.72990277369175,-122.1691718412151,0.7077764905759044
2020-09-09,44.72397389281656,-122.17186678706749,0.7111113429234905
2020-09-09,44.712655120236654,-122.1691718412151,0.6980854622005279
2020-09-09,44.71319410940713,-122.1923483755454,0.8924304191575412
2020-09-09,44.69971938014533,-122.22953862830794,0.6655944808331045
2020-09-09,44.72666883866892,-122.1653989170218,0.7343567151978156
2020-09-09,44.722895914475615,-122.17024981955603,0.7519382478237794
2020-09-09,44.71966197945279,-122.15084620941909,0.7156343393920301
2020-09-09,44.71427208774807,-122.17078880872651,0.7050487095373331
2020-09-09,44.72451288198703,-122.15461913361236,0.7059080636039609
2020-09-09,44.69594645595203,-122.2133689531938,0.6845463997873462
2020-09-09,44.69379049927014,-122.20474512646624,0.693379333782114
2020-09-09,44.68462768337213,-122.19558231056824,0.6692550677013998
2020-09-09,44.69540746678156,-122.22792166079653,0.6519240212731761
2020-09-09,44.71804501194137,-122.1578530686352,0.7259874842128518
2020-09-09,44.69756342346345,-122.23331155250123,0.6514347140307156
2020-09-09,44.69702443429298,-122.2074400723186,0.7045482368582555
2020-09-09,44.72451288198703,-122.1675548737037,0.7383887618821162
2020-09-09,44.7175060227709,-122.16216498199896,0.7069664116814064
2020-09-09,44.71804501194137,-122.16593790619228,2.5580882670815916
2020-09-09,44.7288247953508,-122.16054801448756,0.7073129774247876
2020-09-09,44.68947858590637,-122.20797906148908,1.9542175696251693
2020-09-09,44.68678364005401,-122.20205018061388,0.6791927446031958
2020-09-09,44.7288247953508,-122.17186678706749,0.9869750716369845
2020-09-09,44.69702443429298,-122.20636209397766,0.7006926862623905
2020-09-09,44.70079735848628,-122.19666028890916,0.7144633557080782
2020-09-09,44.71912299028232,-122.2451693142516,0.7112964990656225
2020-09-09,44.714811076918544,-122.17617870043124,0.7608058290337599
2020-09-09,44.70133634765675,-122.24247436839926,0.6573612006326435
2020-09-09,44.72020096862326,-122.18372454881784,0.6753768940870122
2020-09-09,44.71157714189571,-122.24139639005833,0.7036551581583602
2020-09-09,44.725590860327976,-122.14922924190763,0.697666848776962
2020-09-09,44.704570282679576,-122.19127039720443,0.7093592808831114
2020-09-09,44.70025836931581,-122.23277256333076,0.6530560936844777
2020-09-09,44.68354970503118,-122.19666028890916,0.674422104317212
2020-09-09,44.67815981332647,-122.1939653430568,1.0138157520080326
2020-09-09,44.72451288198703,-122.18588050549972,1.3295081788122503
2020-09-09,44.714811076918544,-122.1885754513521,0.6985836943607935
2020-09-09,44.71319410940713,-122.18156859213596,0.7161555907697199
2020-09-09,44.70564826102052,-122.19504332139776,0.7248591307863406
2020-09-09,44.716967033600426,-122.12820866425926,0.6914721382922504
2020-09-09,44.710499163554765,-122.19127039720443,0.7186206703753679
2020-09-09,44.71912299028232,-122.18318555964736,0.6811350241119417
2020-09-09,44.69001757507685,-122.21067400734142,0.6864120145036915
2020-09-09,44.72612984949845,-122.16054801448756,0.7153483112837221
2020-09-09,44.70618725019099,-122.18695848384068,0.7266863477417171
2020-09-09,44.72343490364609,-122.17671768960172,0.7134796091930208
2020-09-09,44.694329488440616,-122.2225317690918,0.6597185539344594
2020-09-09,44.71804501194137,-122.24894223844493,0.6850634465730366
2020-09-09,44.714811076918544,-122.15623610112378,1.5502012158925136
2020-09-09,44.71588905525949,-122.1600090253171,0.714653385780909
2020-09-09,44.72990277369175,-122.16054801448756,0.7193848107768026
2020-09-09,44.72181793613468,-122.15246317693048,0.7064985137348095
2020-09-09,44.70133634765675,-122.24409133591068,2.745974383997784
2020-09-09,44.72720782783939,-122.15839205780568,0.7118920607586129
2020-09-09,44.722895914475615,-122.13629350181633,1.6814114120591896
2020-09-09,44.71588905525949,-122.16593790619228,0.6867144516377955
2020-09-09,44.69864140180439,-122.24678628176304,0.6764993380126755
2020-09-09,44.7175060227709,-122.18102960296548,0.6932992371252806
2020-09-09,44.716967033600426,-122.12605270757736,0.6924993023383846
2020-09-09,44.6851666725426,-122.19504332139776,1.8120314873130299
2020-09-09,44.7137330985776,-122.18210758130644,0.7257867799252607
2020-09-09,44.72235692530514,-122.13359855596396,0.6862124024643346
2020-09-09,44.69756342346345,-122.2074400723186,0.703676002932937
2020-09-09,44.6889395967359,-122.20582310480718,1.2850238307135895
2020-09-09,44.69325151009967,-122.20797906148908,0.6807712065329485
2020-09-09,44.7137330985776,-122.16863285204464,0.7030919365157612
2020-09-09,44.69540746678156,-122.2133689531938,0.6836110113618868
2020-09-09,44.70133634765675,-122.19719927807964,0.7117181224895591
2020-09-09,44.72612984949845,-122.17617870043124,0.7419373447293773
2020-09-09,44.69756342346345,-122.19073140803395,0.8583967534552525
2020-09-09,44.716428044429954,-122.1826465704769,0.7069786597084071
2020-09-09,44.70510927185005,-122.24031841171735,0.6426885754200986
2020-09-09,44.684088694201655,-122.19666028890916,0.6741712791009397
2020-09-09,44.712655120236654,-122.2419353792288,0.7100021270187824
2020-09-09,44.72235692530514,-122.1826465704769,0.6963786550966015
2020-09-09,44.735292665396464,-122.1616259928285,0.6667953227014056
2020-09-09,44.71804501194137,-122.2494812276154,0.6870991336628082
2020-09-09,44.72020096862326,-122.15515812278284,0.7165167251289742
2020-09-09,44.72343490364609,-122.15569711195332,1.0146378635655415
2020-09-09,44.70025836931581,-122.20258916978436,0.6924915144890297
2020-09-09,44.7137330985776,-122.16432093868086,0.6946159037026632
2020-09-09,44.694329488440616,-122.22037581240993,0.6668642950580174
2020-09-09,44.725051871157504,-122.15084620941909,0.6945826365636318
2020-09-09,44.67923779166741,-122.19288736471586,0.6729835031539793
2020-09-09,44.7175060227709,-122.24409133591068,0.7097515159306812
2020-09-09,44.69756342346345,-122.20043321310249,0.7715378145056682
2020-09-09,44.70025836931581,-122.23654548752408,0.6472507493791803
2020-09-09,44.712655120236654,-122.1653989170218,0.6991467985831078
2020-09-09,44.69163454258826,-122.20797906148908,0.6858928451021736
2020-09-09,44.69918039097486,-122.20366714812528,0.6948996454115165
2020-09-09,44.71427208774807,-122.18372454881784,0.7276478677865655
2020-09-09,44.69325151009967,-122.22522671494416,1.4214930980857836
2020-09-09,44.73044176286222,-122.16809386287416,0.7110218625237292
2020-09-09,44.696485445122505,-122.24463032508116,2.8481204524053543
2020-09-09,44.68947858590637,-122.20043321310249,0.9759434838446424
2020-09-09,44.69810241263392,-122.21390794236426,1.246532418744732
2020-09-09,44.706726239361466,-122.17725667877218,1.3646657433931126
2020-09-09,44.71912299028232,-122.1292866426002,0.6877003585830466
2020-09-09,44.716967033600426,-122.24570830342208,0.7122470156926135
2020-09-09,44.714811076918544,-122.17510072209028,0.7251909346574704
2020-09-09,44.70780421770241,-122.2419353792288,0.6769931049487903
2020-09-09,44.73583165456694,-122.1578530686352,0.7264630316792019
2020-09-09,44.68786161839496,-122.19935523476153,0.6896626606513843
2020-09-09,44.69864140180439,-122.24301335756974,0.6807721773215366
2020-09-09,44.70888219604336,-122.24247436839926,1.1502427131188142
2020-09-09,44.68678364005401,-122.19827725642058,0.6764755876703561
2020-09-09,44.70834320687288,-122.19504332139776,0.7289348792294411
2020-09-09,44.69864140180439,-122.21175198568235,0.738068867951457
2020-09-09,44.714811076918544,-122.16863285204464,0.6908534468416175
2020-09-09,44.70349230433864,-122.1864194946702,0.7144362540896856
2020-09-09,44.70349230433864,-122.24139639005833,1.3903927275121728
2020-09-09,44.72451288198703,-122.17186678706749,0.7312604738879794
2020-09-09,44.714811076918544,-122.17402274374936,0.7217490637454252
2020-09-09,44.702953315168166,-122.19558231056824,0.7154334426800298
2020-09-09,44.72666883866892,-122.15947003614662,0.7161227982154155
2020-09-09,44.71966197945279,-122.18372454881784,0.6777141318081974
2020-09-09,44.67815981332647,-122.19073140803395,0.6753573228308528
2020-09-09,44.69486847761109,-122.20258916978436,0.7063393624574105
2020-09-09,44.69810241263392,-122.20636209397766,0.7065793688537273
2020-09-09,44.727746817009866,-122.16216498199896,0.7152867863880915
2020-09-09,44.69109555341779,-122.20205018061388,0.7414657578307531
2020-09-09,44.67438688913316,-122.19558231056824,1.9245189590739957
2020-09-09,44.715350066089016,-122.16270397116944,0.7255399022161972
2020-09-09,44.72181793613468,-122.18480252715878,0.8294836241120767
2020-09-09,44.71427208774807,-122.1880364621816,0.6900344344744314
2020-09-09,44.69594645595203,-122.24894223844493,0.6770056485628456
2020-09-09,44.702414325997694,-122.18911444052256,0.7121699467376161
2020-09-09,44.71319410940713,-122.16809386287416,0.6987728904320543
2020-09-09,44.69486847761109,-122.22630469328512,0.8762353146240953
2020-09-09,44.69702443429298,-122.228460649967,0.6631053956574372
2020-09-09,44.725051871157504,-122.15192418776002,0.6993803193777274
2020-09-09,44.712655120236654,-122.17671768960172,0.6835565500582436
2020-09-09,44.69918039097486,-122.23708447669456,0.6434010655240237
2020-09-09,44.71319410940713,-122.24463032508116,0.696084703856325
2020-09-09,44.67708183498552,-122.1880364621816,2.1522226084241325
2020-09-09,44.69594645595203,-122.19935523476153,0.7057230865546618
2020-09-09,44.716428044429954,-122.1292866426002,1.4203241097062018
2020-09-09,44.69540746678156,-122.19612129973868,0.7294093116734816
2020-09-09,44.69918039097486,-122.20582310480718,0.6927137171808133
2020-09-09,44.710499163554765,-122.18965342969304,0.7041760501332402
2020-09-09,44.71858400111184,-122.18318555964736,0.6933044998397473
2020-09-09,44.72073995779373,-122.18102960296548,0.6766317596895159
2020-09-09,44.72020096862326,-122.24463032508116,1.0520187841483775
2020-09-09,44.69540746678156,-122.2149859207052,0.675548788817324
2020-09-09,44.70403129350911,-122.23924043337642,0.6403689752125578
2020-09-09,44.70403129350911,-122.18372454881784,0.8994836135577737
2020-09-09,44.71966197945279,-122.15677509029426,0.7237482913598023
2020-09-09,44.7175060227709,-122.2473252709335,0.7015754334832878
2020-09-09,44.7288247953508,-122.16593790619228,0.7115498542925922
2020-09-09,44.69594645595203,-122.22145379075086,0.6598830869194329
2020-09-09,44.716428044429954,-122.18102960296548,0.7212531540705098
2020-09-09,44.725590860327976,-122.14383935020294,0.6958858191372114
2020-09-09,44.72343490364609,-122.15138519858954,0.7027821978226159
2020-09-09,44.714811076918544,-122.1788736462836,0.719677080338769
2020-09-09,44.72397389281656,-122.13575451264586,0.7040772898497398
2020-09-09,44.71157714189571,-122.17671768960172,0.6864429621659467
2020-09-09,44.69702443429298,-122.22199277992134,0.6689708205641051
2020-09-09,44.702414325997694,-122.199894223932,0.8726267253647655
2020-09-09,44.70726522853194,-122.18965342969304,0.730671771965695
2020-09-09,44.715350066089016,-122.18102960296548,0.709862267130153
2020-09-09,44.69918039097486,-122.22522671494416,2.178182977257781
2020-09-09,44.72936378452128,-122.16108700365804,0.7042822936834344
2020-09-09,44.70780421770241,-122.1939653430568,0.714244041884404
2020-09-09,44.69971938014533,-122.19935523476153,0.696499441066092
2020-09-09,44.69702443429298,-122.22738267162605,0.6693953291262914
2020-09-09,44.69702443429298,-122.199894223932,0.703623355990673
2020-09-09,44.72181793613468,-122.15893104697616,1.2683352536257426
2020-09-09,44.69864140180439,-122.20528411563672,0.695509253532661
2020-09-09,44.71427208774807,-122.24301335756974,0.7035004307522822
2020-09-09,44.69702443429298,-122.22145379075086,0.6650231080209564
2020-09-09,44.71427208774807,-122.1600090253171,0.7045078653657569
2020-09-09,44.706726239361466,-122.19288736471586,0.7362019746446331
2020-09-09,44.70726522853194,-122.17833465711313,0.7196698950687831
2020-09-09,44.692173531758726,-122.20312815895484,0.6946506793685827
2020-09-09,44.69918039097486,-122.23277256333076,0.6531603266477741
2020-09-09,44.72181793613468,-122.17779566794266,0.6926237573603479
2020-09-09,44.69055656424732,-122.21013501817096,0.6876223046279754
2020-09-09,44.69379049927014,-122.22414873660324,0.6626356403437179
2020-09-09,44.72936378452128,-122.1653989170218,0.7108026867051028
2020-09-09,44.72936378452128,-122.17186678706749,0.9438610442921417
2020-09-09,44.71211613106618,-122.16485992785134,1.4438182052580772
2020-09-09,44.7099601743843,-122.17833465711313,0.6973755166694664
2020-09-09,44.72666883866892,-122.1578530686352,0.7085191299976763
2020-09-09,44.7175060227709,-122.16054801448756,0.7197574935710632
2020-09-09,44.71211613106618,-122.1880364621816,0.7104663670159493
2020-09-09,44.69594645595203,-122.22522671494416,0.6535074827400287
2020-09-09,44.70403129350911,-122.23708447669456,0.6444795579016034
2020-09-09,44.696485445122505,-122.20151119144342,0.7009991558426305
2020-09-09,44.69379049927014,-122.20420613729576,0.7005045176518555
2020-09-09,44.70510927185005,-122.19504332139776,0.721486469124985
2020-09-09,44.71858400111184,-122.18588050549972,0.6892969084237126
2020-09-09,44.7137330985776,-122.1729447654084,0.700920830343847
2020-09-09,44.68462768337213,-122.19827725642058,0.6815373158392094
2020-09-09,44.712655120236654,-122.17456173291984,0.6841699223524996
2020-09-09,44.69163454258826,-122.20905703983,0.6863490578461243
2020-09-09,44.69163454258826,-122.2112129965119,0.6757633942153579
2020-09-09,44.69325151009967,-122.25325415180868,0.6782168486405343
2020-09-09,44.72397389281656,-122.1670158845332,0.7455675245526188
2020-09-09,44.714811076918544,-122.18588050549972,0.7163873600700017
2020-09-09,44.69594645595203,-122.21552490987568,0.6791578079941656
2020-09-09,44.69594645595203,-122.2510981951268,0.6776950760010237
2020-09-09,44.702953315168166,-122.1880364621816,0.7096075543977093
2020-09-09,44.714811076918544,-122.18480252715878,0.7380016791427705
2020-09-09,44.722895914475615,-122.1826465704769,0.6869682349823781
2020-09-09,44.70187533682722,-122.18534151632926,0.9661176050568475
2020-09-09,44.72397389281656,-122.18156859213596,0.7152806189193814
2020-09-09,44.69918039097486,-122.2300776174784,0.6490917453607039
2020-09-09,44.722895914475615,-122.1503072202486,0.7105916089228898
2020-09-09,44.70888219604336,-122.18372454881784,0.7062432294358905
2020-09-09,44.71157714189571,-122.18749747301116,0.7055913431374948
2020-09-09,44.71912299028232,-122.15515812278284,0.7226054164298854
2020-09-09,44.712655120236654,-122.18210758130644,0.6820162788933734
2020-09-09,44.73259771954411,-122.1600090253171,0.6644331903979701
2020-09-09,44.72612984949845,-122.16485992785134,0.7347149514392362
2020-09-09,44.71427208774807,-122.2435523467402,0.7067309050237641
2020-09-09,44.70888219604336,-122.19342635388634,0.7281778961470826
2020-09-09,44.72936378452128,-122.17078880872651,0.8270746215075395
2020-09-09,44.69756342346345,-122.1939653430568,0.7108820723426066
2020-09-09,44.72020096862326,-122.15569711195332,0.7176143068360914
2020-09-09,44.70349230433864,-122.19504332139776,0.7208360625655732
2020-09-09,44.71966197945279,-122.1600090253171,0.7264172197422677
2020-09-09,44.696485445122505,-122.20043321310249,0.7050784623743359
2020-09-09,44.6927125209292,-122.21175198568235,0.6859786910813328
2020-09-09,44.70618725019099,-122.18426353798831,0.7237371062936473
2020-09-09,44.70349230433864,-122.19342635388634,0.7134898469785337
2020-09-09,44.7099601743843,-122.23870144420596,0.70994217633125
2020-09-09,44.702953315168166,-122.19827725642058,0.709508128422709
2020-09-09,44.72397389281656,-122.13791046932776,0.6987504824823285
2020-09-09,44.72235692530514,-122.17833465711313,0.6952240245047844
2020-09-09,44.715350066089016,-122.16971083038558,0.6928749606045417
2020-09-09,44.71103815272524,-122.23708447669456,1.5410209119679585
2020-09-09,44.71319410940713,-122.24031841171735,0.7038910397903274
2020-09-09,44.71211613106618,-122.17617870043124,0.6882943122044988
2020-09-09,44.696485445122505,-122.22953862830794,0.6589734897452655
2020-09-09,44.69055656424732,-122.20420613729576,0.679535142176018
2020-09-09,44.6927125209292,-122.22522671494416,2.7379031642518914
2020-09-09,44.704570282679576,-122.1826465704769,0.7243997240640496
2020-09-09,44.72720782783939,-122.15947003614662,0.7150655869409084
2020-09-09,44.71157714189571,-122.18426353798831,0.7011853120109921
2020-09-09,44.71804501194137,-122.1600090253171,0.7149150920491046
2020-09-09,44.725590860327976,-122.17510072209028,0.7233758556785357
2020-09-09,44.72020096862326,-122.1540801444419,0.7144949056977945
2020-09-09,44.725051871157504,-122.15461913361236,0.701556933627882
2020-09-09,44.72073995779373,-122.15731407946473,0.7260510117545315
2020-09-09,44.722895914475615,-122.1352155234754,0.7008619615087526
2020-09-09,44.68732262922448,-122.20097220227294,0.6892402715327858
2020-09-09,44.725590860327976,-122.18426353798831,1.102567990028727
2020-09-09,44.716967033600426,-122.12551371840688,0.6937948489763677
2020-09-09,44.7099601743843,-122.17456173291984,0.6945533209369351
2020-09-09,44.702953315168166,-122.1901924188635,0.7248811694229673
2020-09-09,44.69756342346345,-122.24678628176304,0.6754209445318011
2020-09-09,44.69810241263392,-122.21282996402331,0.6947310704713408
2020-09-09,44.70187533682722,-122.23654548752408,0.6497846003387606
2020-09-09,44.69864140180439,-122.19073140803395,0.7192164783437678
2020-09-09,44.73205873037364,-122.1637819495104,0.6799129096524016
2020-09-09,44.7175060227709,-122.17995162462454,0.6945467609143686
2020-09-09,44.722895914475615,-122.24786426010398,1.07945560655057
2020-09-09,44.72235692530514,-122.15677509029426,0.7191226669632058
2020-09-09,44.69864140180439,-122.22468772577368,1.702581244153335
2020-09-09,44.694329488440616,-122.20959602900048,0.6896952535199723
2020-09-09,44.69971938014533,-122.20582310480718,0.6948690923069649
2020-09-09,44.73313670871458,-122.16054801448756,0.6655517731147799
2020-09-09,44.72020096862326,-122.2451693142516,1.1507282898071236
2020-09-09,44.72666883866892,-122.14707328522576,0.6881600754251419
2020-09-09,44.71858400111184,-122.1600090253171,0.7276879379626516
2020-09-09,44.69864140180439,-122.21229097485283,1.2092221602120798
2020-09-09,44.69971938014533,-122.20474512646624,0.6978998358658056
2020-09-09,44.72397389281656,-122.18534151632926,0.6944360066179718
2020-09-09,44.725590860327976,-122.1675548737037,0.7328522265068007
2020-09-09,44.71319410940713,-122.19127039720443,0.7263518120583853
2020-09-09,44.72343490364609,-122.15677509029426,0.7153210380542672
2020-09-09,44.706726239361466,-122.19719927807964,0.8405420702629732
2020-09-09,44.70564826102052,-122.23331155250123,0.6790122940742249
2020-09-09,44.69810241263392,-122.22576570411464,0.6664406055955225
2020-09-09,44.71103815272524,-122.18965342969304,0.7057304006267806
2020-09-09,44.70133634765675,-122.1880364621816,0.703229113212149
2020-09-09,44.702953315168166,-122.23816245503548,0.6480667422978851
2020-09-09,44.71427208774807,-122.18156859213596,0.7153817709831903
2020-09-09,44.67708183498552,-122.19719927807964,1.442862182240711
2020-09-09,44.72720782783939,-122.15138519858954,0.6955709721818953
2020-09-09,44.71157714189571,-122.171327797897,0.6925434251832764
2020-09-09,44.69702443429298,-122.19935523476153,0.7020960461372672
2020-09-09,44.71912299028232,-122.1540801444419,0.7222727023930559
2020-09-09,44.702953315168166,-122.2419353792288,2.37881245838193
2020-09-09,44.722895914475615,-122.14922924190763,0.7055978224387333
2020-09-09,44.7137330985776,-122.18588050549972,0.6847918391952782
2020-09-09,44.71912299028232,-122.13036462094114,0.6897406174542828
2020-09-09,44.69379049927014,-122.20959602900048,0.682022080007239
2020-09-09,44.70133634765675,-122.20366714812528,0.8485350249641527
2020-09-09,44.69379049927014,-122.25163718429728,0.6756607394986703
2020-09-09,44.72612984949845,-122.1675548737037,0.730592862806118
2020-09-09,44.70942118521383,-122.17563971126076,0.703864364238922
2020-09-09,44.72451288198703,-122.15246317693048,0.702140234999304
2020-09-09,44.70564826102052,-122.17995162462454,1.475089859903022
2020-09-09,44.72720782783939,-122.1600090253171,0.7149119530521912
2020-09-09,44.702953315168166,-122.19342635388634,0.7110814691864911
2020-09-09,44.70942118521383,-122.1788736462836,0.6930238683950439
2020-09-09,44.73205873037364,-122.1616259928285,0.6715241625643802
2020-09-09,44.725590860327976,-122.171327797897,0.7150347422227081
2020-09-09,44.69810241263392,-122.20582310480718,0.7093700160668325
2020-09-09,44.68570566171307,-122.19666028890916,0.7204554559134775
2020-09-09,44.710499163554765,-122.18372454881784,0.7025041198901384
2020-09-09,44.72235692530514,-122.15246317693048,0.7056507411193476
2020-09-09,44.69001757507685,-122.20420613729576,0.6977183421344814
2020-09-09,44.71966197945279,-122.24894223844493,0.6943125460338678
2020-09-09,44.71966197945279,-122.1788736462836,0.6707171557050154
2020-09-09,44.70510927185005,-122.1880364621816,0.7501961409011035
2020-09-09,44.73690963290788,-122.16108700365804,1.2010471805445595
2020-09-09,44.72343490364609,-122.16863285204464,0.7388891107034921
2020-09-09,44.69971938014533,-122.19558231056824,0.6995204130423094
2020-09-09,44.692173531758726,-122.21606389904616,0.6838403480804633
2020-09-09,44.71966197945279,-122.15893104697616,0.723390387617018
2020-09-09,44.72720782783939,-122.14330036103246,0.6901599381217416
2020-09-09,44.70187533682722,-122.19612129973868,0.7102229019396483
2020-09-09,44.71427208774807,-122.24570830342208,0.6989219800538292
2020-09-09,44.70133634765675,-122.1864194946702,0.7208253992665274
2020-09-09,44.72666883866892,-122.17024981955603,0.7167570461990792
2020-09-09,44.716428044429954,-122.18695848384068,0.7151324455885545
2020-09-09,44.70133634765675,-122.23331155250123,0.6470695599910551
2020-09-09,44.72020096862326,-122.13144259928208,0.6890350252325937
2020-09-09,44.69540746678156,-122.20420613729576,0.6926929448037817
2020-09-09,44.69702443429298,-122.2209148015804,0.6696684791770074
2020-09-09,44.68840060756543,-122.20366714812528,0.7032851902950982
2020-09-09,44.72020096862326,-122.15084620941909,0.7179019583647551
2020-09-09,44.71966197945279,-122.17833465711313,0.6746978342994502
2020-09-09,44.70888219604336,-122.17402274374936,0.704486777617527
2020-09-09,44.69810241263392,-122.19558231056824,0.7121866886031627
2020-09-09,44.71858400111184,-122.1637819495104,0.742256884594694
2020-09-09,44.70888219604336,-122.19450433222728,0.7857242565920967
2020-09-09,44.721278946964205,-122.15623610112378,0.7132023360086166
2020-09-09,44.69810241263392,-122.24570830342208,0.6809412748804415
2020-09-09,44.72720782783939,-122.14707328522576,0.692337208864671
2020-09-09,44.733675697885054,-122.15947003614662,0.6679028398643783
2020-09-09,44.70187533682722,-122.23277256333076,0.6515423377614872
2020-09-09,44.71858400111184,-122.12766967508878,0.6897317100525835
2020-09-09,44.72451288198703,-122.17510072209028,0.6983691245410969
2020-09-09,44.70618725019099,-122.237623465865,0.6626257766180556
2020-09-09,44.69918039097486,-122.20851805065952,0.7007094941796463
2020-09-09,44.72828580618033,-122.1653989170218,0.7175319654126071
2020-09-09,44.6927125209292,-122.2149859207052,0.6809908807270362
2020-09-09,44.71912299028232,-122.15300216610096,0.7216505575218629
2020-09-09,44.74014356793072,-122.15623610112378,1.0244674222717303
2020-09-09,44.70942118521383,-122.1923483755454,0.7329075765017803
2020-09-09,44.72181793613468,-122.13198158845256,1.3372553145269737
2020-09-09,44.70726522853194,-122.17563971126076,0.722360064632395
2020-09-09,44.71157714189571,-122.18480252715878,0.7034201838332098
2020-09-09,44.71966197945279,-122.13090361011162,0.6917773798800272
2020-09-09,44.72612984949845,-122.142761371862,0.6899062702691194
2020-09-09,44.722895914475615,-122.18210758130644,0.689729272671001
2020-09-09,44.69918039097486,-122.20312815895484,0.6928157071576506
2020-09-09,44.716967033600426,-122.16054801448756,0.7055162546324055
2020-09-09,44.70834320687288,-122.17995162462454,0.7318722149029401
2020-09-09,44.696485445122505,-122.23331155250123,0.6561689952448511
2020-09-09,44.69702443429298,-122.21768086655756,0.6819568298087946
2020-09-09,44.72990277369175,-122.16432093868086,0.7063604479987321
2020-09-09,44.696485445122505,-122.19666028890916,0.7163404975382685
2020-09-09,44.6927125209292,-122.20959602900048,0.6855354569423621
2020-09-09,44.70942118521383,-122.18965342969304,0.7189257118880217
2020-09-09,44.70834320687288,-122.19180938637491,0.7221699206437342
2020-09-09,44.706726239361466,-122.17995162462454,0.7316134613877412
2020-09-09,44.72397389281656,-122.15461913361236,0.7054426403926396
2020-09-09,44.73044176286222,-122.16971083038558,0.7545332559433551
2020-09-09,44.70780421770241,-122.18156859213596,0.7511972574103757
2020-09-09,44.70079735848628,-122.24301335756974,0.6678425149934661
2020-09-09,44.716428044429954,-122.24247436839926,1.1634729228701506
2020-09-09,44.69594645595203,-122.21821985572804,0.6669062693547982
2020-09-09,44.715350066089016,-122.16485992785134,0.7192281466320977
2020-09-09,44.692173531758726,-122.20258916978436,0.6985570490991522
2020-09-09,44.72451288198703,-122.15623610112378,0.7411812010260532
2020-09-09,44.70510927185005,-122.23654548752408,0.649360869651722
2020-09-09,44.70888219604336,-122.18049061379502,0.7138003115734972
2020-09-09,44.70564826102052,-122.19288736471586,0.7229430774842565
2020-09-09,44.70133634765675,-122.18911444052256,0.6999927411339314
2020-09-09,44.70187533682722,-122.23708447669456,0.6480670663081806
2020-09-09,44.69594645595203,-122.22037581240993,0.6600210303132414
2020-09-09,44.696485445122505,-122.20797906148908,0.7005992070204597
2020-09-09,44.72181793613468,-122.18588050549972,0.6839086299622076
2020-09-09,44.716967033600426,-122.18156859213596,0.7191983261438532
2020-09-09,44.72828580618033,-122.17078880872651,0.7109965339313203
2020-09-09,44.71157714189571,-122.24085740088783,0.7040890223433528
2020-09-09,44.725051871157504,-122.14976823107811,0.6924339501053384
2020-09-09,44.69918039097486,-122.20151119144342,0.6992343002352555
2020-09-09,44.725051871157504,-122.16270397116944,0.72763719387812
2020-09-09,44.716428044429954,-122.24409133591068,0.7028645197997574
2020-09-09,44.68786161839496,-122.20366714812528,0.7031223256167648
2020-09-09,44.69971938014533,-122.18911444052256,0.7311870020486646
2020-09-09,44.72343490364609,-122.1788736462836,0.7210534357329177
2020-09-09,44.70133634765675,-122.19342635388634,0.7073195387216564
2020-09-09,44.70888219604336,-122.23492852001266,0.7184355196145312
2020-09-09,44.69001757507685,-122.21175198568235,0.6839064208797307
2020-09-09,44.675464867474105,-122.19612129973868,0.7136369016119382
2020-09-09,44.74014356793072,-122.15731407946473,0.746493161265238
2020-09-09,44.70726522853194,-122.1901924188635,0.7294876652093691
2020-09-09,44.72343490364609,-122.1503072202486,0.7043192922946299
2020-09-09,44.69163454258826,-122.21714187738708,0.6867709634206693
2020-09-09,44.704570282679576,-122.23546750918312,0.6612500900742636
2020-09-09,44.71912299028232,-122.25002021678588,0.692659018480444
2020-09-09,44.71588905525949,-122.171327797897,0.7962024095060853
2020-09-09,44.70564826102052,-122.23654548752408,0.6604925118388273
2020-09-09,44.72020096862326,-122.18426353798831,0.6813724440154117
2020-09-09,44.712655120236654,-122.1826465704769,0.6728885449729591
2020-09-09,44.69864140180439,-122.22684368245558,0.6755600149906269
2020-09-09,44.725590860327976,-122.16270397116944,0.7347363117336269
2020-09-09,44.69918039097486,-122.20097220227294,0.7011901193594056
2020-09-09,44.70025836931581,-122.19180938637491,0.706593490286097
2020-09-09,44.72666883866892,-122.14168339352103,0.689509490117121
2020-09-09,44.71103815272524,-122.17941263545409,0.6855318898181532
2020-09-09,44.71319410940713,-122.171327797897,0.6925006427472898
2020-09-09,44.72073995779373,-122.18372454881784,0.6922847397992867
2020-09-09,44.68570566171307,-122.19719927807964,0.6730152096080209
2020-09-09,44.725590860327976,-122.15300216610096,0.76744510427659
2020-09-09,44.7175060227709,-122.18534151632926,0.6922807545129639
2020-09-09,44.696485445122505,-122.228460649967,0.6610679304129814
2020-09-09,44.710499163554765,-122.17563971126076,0.6989130065071364
2020-09-09,44.71427208774807,-122.24463032508116,0.6981608647177697
2020-09-09,44.725051871157504,-122.17402274374936,0.7214423842427847
2020-09-09,44.73044176286222,-122.16647689536276,0.6988389647526289
2020-09-09,44.694329488440616,-122.20690108314813,0.6802176620861886
2020-09-09,44.69918039097486,-122.1885754513521,0.7200729764755462
2020-09-09,44.71319410940713,-122.17941263545409,0.7072242944507822
2020-09-09,44.72235692530514,-122.15138519858954,0.7108883747480856
2020-09-09,44.70618725019099,-122.19450433222728,0.7300906957516295
2020-09-09,44.67708183498552,-122.1901924188635,2.6116213834334254
2020-09-09,44.72397389281656,-122.1788736462836,0.7169983963821254
2020-09-09,44.715350066089016,-122.18965342969304,0.7171130112048127
2020-09-09,44.71912299028232,-122.18695848384068,0.6848616861475101
2020-09-09,44.72936378452128,-122.15947003614662,0.698558693202315
2020-09-09,44.67977678083789,-122.19504332139776,1.3416744832888388
2020-09-09,44.72828580618033,-122.14545631771436,0.9966431489395234
2020-09-09,44.70403129350911,-122.1901924188635,0.7153920902063212
2020-09-09,44.694329488440616,-122.22576570411464,0.6600739351236012
2020-09-09,44.72343490364609,-122.16647689536276,0.747983011836931
2020-09-09,44.6927125209292,-122.21768086655756,0.677875947821894
2020-09-09,44.69918039097486,-122.20905703983,0.7012480349414282
2020-09-09,44.706726239361466,-122.23331155250123,0.8022295749854973
2020-09-09,44.69055656424732,-122.21175198568235,0.6846023740994788
2020-09-09,44.70187533682722,-122.19288736471586,0.7121912058148686
2020-09-09,44.7175060227709,-122.1637819495104,0.7363193524251539
2020-09-09,44.704570282679576,-122.19342635388634,0.7071394441462491
2020-09-09,44.73205873037364,-122.16432093868086,0.6795077874666265
2020-09-09,44.710499163554765,-122.18749747301116,0.7099128592641953
2020-09-09,44.68247172669024,-122.19450433222728,0.665491435607216
2020-09-09,44.716967033600426,-122.1653989170218,0.6902056087102934
2020-09-09,44.70349230433864,-122.1885754513521,0.7076826355202331
2020-09-09,44.71858400111184,-122.24894223844493,0.6931471805599453
2020-09-09,44.70780421770241,-122.19666028890916,1.2909841813155658
2020-09-09,44.69756342346345,-122.23438953084218,0.6535435666553293
2020-09-09,44.7175060227709,-122.18695848384068,0.6881631901789647
2020-09-09,44.715350066089016,-122.17510072209028,0.833074425853077
2020-09-09,44.70618725019099,-122.19558231056824,0.7229826781386329
2020-09-09,44.70025836931581,-122.19504332139776,0.7083681745703007
2020-09-09,44.706726239361466,-122.17833465711313,0.7297350226225972
2020-09-09,44.73421468705553,-122.16108700365804,0.6567324742434986
2020-09-09,44.70403129350911,-122.18588050549972,0.7212315685467252
2020-09-09,44.70618725019099,-122.23331155250123,0.6878227434888099
2020-09-09,44.69756342346345,-122.21983682323943,1.8972144983777526
2020-09-09,44.72828580618033,-122.14761227439624,1.128114313053003
2020-09-09,44.69864140180439,-122.2300776174784,0.6519591567373454
2020-09-09,44.70025836931581,-122.228460649967,0.6678105048291241
2020-09-09,44.70403129350911,-122.1977382672501,0.7093409922818388
2020-09-09,44.72397389281656,-122.17402274374936,0.6997949952676069
2020-09-09,44.69918039097486,-122.228460649967,0.6665925140382591
2020-09-09,44.696485445122505,-122.21013501817096,0.6952499980023943
2020-09-09,44.70510927185005,-122.23331155250123,0.6582881469883085
2020-09-09,44.69594645595203,-122.2209148015804,0.6612092896808253
2020-09-09,44.694329488440616,-122.20582310480718,0.6849392001421157
2020-09-09,44.68247172669024,-122.19288736471586,0.6662154652304566
2020-09-09,44.71427208774807,-122.17671768960172,0.7085395665479715
2020-09-09,44.71966197945279,-122.18156859213596,0.6713610593119617
2020-09-09,44.735292665396464,-122.16054801448756,0.6662319398520513
2020-09-09,44.69756342346345,-122.23169458498982,0.6468450219390944
2020-09-09,44.71319410940713,-122.16324296033991,0.6839752791975604
2020-09-09,44.72343490364609,-122.17402274374936,0.6958602171235626
2020-09-09,44.716967033600426,-122.1292866426002,0.6913589568109734
2020-09-09,44.702414325997694,-122.2322335741603,0.6593357009009964
2020-09-09,44.721278946964205,-122.2494812276154,0.6984145693561503
2020-09-09,44.68840060756543,-122.20043321310249,0.6874672834314975
2020-09-09,44.7175060227709,-122.1788736462836,0.6989270661907365
2020-09-09,44.69810241263392,-122.2133689531938,0.7231494308637441
2020-09-09,44.70025836931581,-122.19881624559105,0.7036597609490323
2020-09-09,44.73098075203269,-122.16054801448756,0.7337795836491653
2020-09-09,44.716967033600426,-122.1788736462836,0.73004540322987
2020-09-09,44.73044176286222,-122.15947003614662,0.8620172070931748
2020-09-09,44.721278946964205,-122.1578530686352,0.7317849732653594
2020-09-09,44.68354970503118,-122.19288736471586,1.1927096120472251
2020-09-09,44.71103815272524,-122.1923483755454,0.7173279787571601
2020-09-09,44.72397389281656,-122.16971083038558,0.7258874505968208
2020-09-09,44.73475367622599,-122.15893104697616,0.7589937463575318
2020-09-09,44.72343490364609,-122.13629350181633,0.7059528890396687
2020-09-09,44.71319410940713,-122.1788736462836,0.6931471805599453
2020-09-09,44.72451288198703,-122.16971083038558,0.7376564676218471
2020-09-09,44.716967033600426,-122.24247436839926,1.0627017873623388
2020-09-09,44.69864140180439,-122.19881624559105,0.6968945672885056
2020-09-09,44.69756342346345,-122.2187588448985,2.6360516165017653
2020-09-09,44.716967033600426,-122.18210758130644,0.7110806484334213
2020-09-09,44.69486847761109,-122.20151119144342,0.7029672267409206
2020-09-09,44.6927125209292,-122.21282996402331,0.6815067117887106
2020-09-09,44.69163454258826,-122.20528411563672,0.6878749620439123
2020-09-09,44.70834320687288,-122.18372454881784,0.7424913967818229
2020-09-09,44.714811076918544,-122.15839205780568,0.7140700670140043
2020-09-09,44.69864140180439,-122.20312815895484,0.6952668890570923
2020-09-09,44.70564826102052,-122.1880364621816,0.7213616584972733
2020-09-09,44.69486847761109,-122.20851805065952,0.684415455990488
2020-09-09,44.69918039097486,-122.2074400723186,0.7047874649775783
2020-09-09,44.72720782783939,-122.16216498199896,0.7165469340369746
2020-09-09,44.7175060227709,-122.24570830342208,0.6951372309679553
2020-09-09,44.712655120236654,-122.24139639005833,0.7094614753768281
2020-09-09,44.71804501194137,-122.24301335756974,0.7137763601826144
2020-09-09,44.71966197945279,-122.18102960296548,0.6740085289062906
2020-09-09,44.70510927185005,-122.23870144420596,0.6419479086908572
2020-09-09,44.706726239361466,-122.24085740088783,0.6577986727201167
2020-09-09,44.69001757507685,-122.20474512646624,0.6998138719181346
2020-09-09,44.69918039097486,-122.2473252709335,1.363304842895192
2020-09-09,44.70564826102052,-122.23546750918312,0.6591141738964533
2020-09-09,44.69594645595203,-122.1939653430568,2.0310510069502468
2020-09-09,44.715350066089016,-122.1901924188635,0.7045711572543418
2020-09-09,44.7099601743843,-122.19073140803395,0.7195781982096332
2020-09-09,44.716428044429954,-122.16216498199896,0.7070225270535625
2020-09-09,44.69702443429298,-122.19558231056824,0.7140603792203573
2020-09-09,44.72936378452128,-122.1691718412151,0.7095516317466729
2020-09-09,44.70025836931581,-122.1880364621816,0.7146975271214885
2020-09-09,44.71319410940713,-122.18318555964736,0.6944303836103978
2020-09-09,44.69055656424732,-122.20528411563672,0.6901933177162379
2020-09-09,44.716428044429954,-122.18588050549972,0.711309908564912
2020-09-09,44.72235692530514,-122.15515812278284,0.706643274266921
2020-09-09,44.71966197945279,-122.1540801444419,0.7222716318390888
2020-09-09,44.69756342346345,-122.24894223844493,1.196926243762917
2020-09-09,44.70403129350911,-122.18911444052256,0.7088406151059918
2020-09-09,44.712655120236654,-122.17779566794266,0.6850297460399787
2020-09-09,44.715350066089016,-122.24570830342208,0.7054379727080508
2020-09-09,44.6927125209292,-122.21714187738708,0.677686406345725
2020-09-09,44.71804501194137,-122.2451693142516,0.7030883097071169
2020-09-09,44.72343490364609,-122.13413754513444,0.6978797970600442
2020-09-09,44.71588905525949,-122.24247436839926,0.7100768113302659
2020-09-09,44.71804501194137,-122.24786426010398,0.6935174823601404
2020-09-09,44.72235692530514,-122.14922924190763,0.7363482729659702
2020-09-09,44.69864140180439,-122.19288736471586,0.711977595730777
2020-09-09,44.71588905525949,-122.18049061379502,0.7089738731106386
2020-09-09,44.71588905525949,-122.1578530686352,0.7262937950826017
2020-09-09,44.68570566171307,-122.20043321310249,0.6659655589315783
2020-09-09,44.70025836931581,-122.24085740088783,0.6545976055910312
2020-09-09,44.70187533682722,-122.1923483755454,0.7149758501703568
2020-09-09,44.69001757507685,-122.2074400723186,0.6858662746909047
2020-09-09,44.7288247953508,-122.1675548737037,0.718818484451355
2020-09-09,44.71103815272524,-122.17779566794266,0.6934045476955829
2020-09-09,44.70942118521383,-122.18534151632926,0.6935131457973326
2020-09-09,44.73205873037364,-122.16647689536276,0.9275424031460144
2020-09-09,44.69594645595203,-122.19612129973868,0.7216721989417326
2020-09-09,44.69540746678156,-122.20905703983,0.688797650477436
2020-09-09,44.68624465088354,-122.20151119144342,0.6770052002842243
2020-09-09,44.69864140180439,-122.18965342969304,0.7288263306903918
2020-09-09,44.70403129350911,-122.1939653430568,0.7152948778943632
2020-09-09,44.69594645595203,-122.20959602900048,0.6934810518000396
2020-09-09,44.70726522853194,-122.24247436839926,1.4947358996071614
2020-09-09,44.70618725019099,-122.18102960296548,0.7169592538961319
2020-09-09,44.716428044429954,-122.17995162462454,0.7071441790512519
2020-09-09,44.73960457876024,-122.15569711195332,0.6913725572015769
2020-09-09,44.7137330985776,-122.19127039720443,0.705886206337375
2020-09-09,44.684088694201655,-122.19504332139776,0.6738725345704077
2020-09-09,44.72397389281656,-122.16432093868086,0.7490289323335294
2020-09-09,44.677620824156,-122.19558231056824,0.694623558780872
2020-09-09,44.70834320687288,-122.17402274374936,0.7053505580053953
2020-09-09,44.69702443429298,-122.1923483755454,0.7102834628029325
2020-09-09,44.72020096862326,-122.1788736462836,0.6771309640557446
2020-09-09,44.72990277369175,-122.16647689536276,0.7010155649240132
2020-09-09,44.71211613106618,-122.17186678706749,0.7016715388058437
2020-09-09,44.722895914475615,-122.17671768960172,0.7106783763088668
2020-09-09,44.69810241263392,-122.19719927807964,0.7081406463521892
2020-09-09,44.73259771954411,-122.15893104697616,0.8031124626045199
2020-09-09,44.721278946964205,-122.17456173291984,0.6947387312105923
2020-09-09,44.72936378452128,-122.15893104697616,0.6962037290424942
2020-09-09,44.70780421770241,-122.1864194946702,0.7571815423724944
2020-09-09,44.70942118521383,-122.17995162462454,0.7042483659467779
2020-09-09,44.72343490364609,-122.15300216610096,0.7037247672955981
2020-09-09,44.69810241263392,-122.20205018061388,0.6911312766406036
2020-09-09,44.70079735848628,-122.20420613729576,0.6903022284277139
2020-09-09,44.725051871157504,-122.1788736462836,0.6980611953623744
2020-09-09,44.69756342346345,-122.20151119144342,0.6983608385219197
2020-09-09,44.70942118521383,-122.23708447669456,0.7138613849475085
2020-09-09,44.69810241263392,-122.20959602900048,0.6938191483307786
2020-09-09,44.72181793613468,-122.17995162462454,0.6845854844251342
2020-09-09,44.70834320687288,-122.24247436839926,1.0875449820284282
2020-09-09,44.731519741203165,-122.16054801448756,0.6782293705596596
2020-09-09,44.72397389281656,-122.15192418776002,0.7049388931172837
2020-09-09,44.7288247953508,-122.16863285204464,0.7134661601873452
2020-09-09,44.70726522853194,-122.19073140803395,0.7342969901954128
2020-09-09,44.69971938014533,-122.24463032508116,0.6698932900269997
2020-09-09,44.71211613106618,-122.2435523467402,0.705689978948448
2020-09-09,44.716428044429954,-122.12605270757736,1.1805652165977654
2020-09-09,44.71427208774807,-122.16971083038558,0.6960174073646813
2020-09-09,44.702414325997694,-122.24247436839926,2.656431967637877
2020-09-09,44.72235692530514,-122.15569711195332,0.7089132728986212
2020-09-09,44.69540746678156,-122.20582310480718,0.689632636950244
2020-09-09,44.71804501194137,-122.15677509029426,0.7316206464055424
2020-09-09,44.69486847761109,-122.19719927807964,0.713626510763034
2020-09-09,44.69594645595203,-122.2473252709335,2.4053803376849374
2020-09-09,44.70187533682722,-122.2322335741603,0.6590741800184682
2020-09-09,44.72612984949845,-122.16863285204464,0.7234544357446144
2020-09-09,44.72720782783939,-122.16485992785134,0.7306143627385079
2020-09-09,44.72451288198703,-122.15192418776002,0.6969712769983488
2020-09-09,44.704570282679576,-122.23277256333076,1.0531499145913523
2020-09-09,44.69594645595203,-122.20690108314813,0.6946107327491358
2020-09-09,44.71858400111184,-122.25002021678588,0.9909288915941438
2020-09-09,44.71804501194137,-122.18911444052256,0.8376359494754668
2020-09-09,44.72451288198703,-122.17563971126076,0.709857752176174
2020-09-09,44.716428044429954,-122.18911444052256,0.6927553566144896
2020-09-09,44.737448622078354,-122.15893104697616,0.6596255320135362
2020-09-09,44.692173531758726,-122.20582310480718,0.6814226794802092
