date,lat,lon,Chlorophyll
2020-02-17,44.70888219604336,-122.18749747301116,0.2727991417600707
2020-02-17,44.69055656424732,-122.21067400734142,0.8394883049707905
2020-02-17,44.69540746678156,-122.19719927807964,1.0986122886681098
2020-02-17,44.71858400111184,-122.15461913361236,0.990398704027877
2020-02-17,44.71157714189571,-122.1885754513521,0.4810477892741714
2020-02-17,44.68085475917882,-122.19450433222728,0.9341617483767872
2020-02-17,44.69756342346345,-122.2360064983536,0.9498670274077594
2020-02-17,44.69001757507685,-122.20312815895484,0.950976289862045
2020-02-17,44.712655120236654,-122.18426353798831,0.8223085735133495
2020-02-17,44.69971938014533,-122.23870144420596,1.975749815658772
2020-02-17,44.70780421770241,-122.19073140803395,0.26057375369370284
2020-02-17,44.72666883866892,-122.1616259928285,0.8708905371849507
2020-02-17,44.69055656424732,-122.20312815895484,0.5776342934381009
2020-02-17,44.69001757507685,-122.20420613729576,0.8951787457173803
2020-02-17,44.71588905525949,-122.18695848384068,0.8876435510165773
2020-02-17,44.69486847761109,-122.21282996402331,0.7539033899810177
2020-02-17,44.70025836931581,-122.23169458498982,0.7100109866119503
2020-02-17,44.71588905525949,-122.15623610112378,0.978743746520705
2020-02-17,44.70780421770241,-122.23654548752408,0.7854835505551645
2020-02-17,44.716428044429954,-122.1616259928285,0.9668430110369864
2020-02-17,44.67654284581505,-122.18911444052256,1.067840630001356
2020-02-17,44.71319410940713,-122.17456173291984,0.8797331361403576
2020-02-17,44.69756342346345,-122.2074400723186,0.5401219932544216
2020-02-17,44.72612984949845,-122.1389884476687,0.8463345851772579
2020-02-17,44.68462768337213,-122.1939653430568,1.3399113693273605
2020-02-17,44.67708183498552,-122.19719927807964,1.4873041085314467
2020-02-17,44.71966197945279,-122.18318555964736,0.8784986895612558
2020-02-17,44.70942118521383,-122.1901924188635,0.30866572475237175
2020-02-17,44.69594645595203,-122.22630469328512,0.8187733936773547
2020-02-17,44.71427208774807,-122.17456173291984,0.7030192221371531
2020-02-17,44.68678364005401,-122.199894223932,0.9626198440578881
2020-02-17,44.70888219604336,-122.18480252715878,0.3347495833097668
2020-02-17,44.69055656424732,-122.20636209397766,0.8252381423224714
2020-02-17,44.72612984949845,-122.14491732854388,0.8355741445000768
2020-02-17,44.70780421770241,-122.18426353798831,0.3828226313584046
2020-02-17,44.69702443429298,-122.19612129973868,0.2789809609990448
2020-02-17,44.727746817009866,-122.1465342960553,0.8206782393754333
2020-02-17,44.70834320687288,-122.24139639005833,0.8241308011056692
2020-02-17,44.712655120236654,-122.18318555964736,0.8263608917673809
2020-02-17,44.72343490364609,-122.13629350181633,1.2337870670363622
2020-02-17,44.70079735848628,-122.18695848384068,0.9253405673940729
2020-02-17,44.70888219604336,-122.2397794225469,0.8144962603190281
2020-02-17,44.69810241263392,-122.23654548752408,0.7935449068756425
2020-02-17,44.70780421770241,-122.19558231056824,0.8739883521834657
2020-02-17,44.7099601743843,-122.19180938637491,0.8442557437716895
2020-02-17,44.714811076918544,-122.16485992785134,0.7640989165322297
2020-02-17,44.7175060227709,-122.16270397116944,1.2762934659055623
2020-02-17,44.70510927185005,-122.18695848384068,0.23666429811005643
2020-02-17,44.694329488440616,-122.25163718429728,1.0608719606852626
2020-02-17,44.69810241263392,-122.2300776174784,0.6919179241052157
2020-02-17,44.69540746678156,-122.22576570411464,0.8361618878467173
2020-02-17,44.72612984949845,-122.14976823107811,0.8320449431319349
2020-02-17,44.70510927185005,-122.1864194946702,0.2211213059334419
2020-02-17,44.70564826102052,-122.19612129973868,0.5086009287438795
2020-02-17,44.69810241263392,-122.20151119144342,0.3104967502179523
2020-02-17,44.69756342346345,-122.22145379075086,0.856843596019579
2020-02-17,44.72020096862326,-122.15515812278284,0.7898099304532519
2020-02-17,44.6927125209292,-122.21606389904616,0.868586933916944
2020-02-17,44.69486847761109,-122.20312815895484,0.3780661339200499
2020-02-17,44.72181793613468,-122.24786426010398,0.9773458871281611
2020-02-17,44.70025836931581,-122.18911444052256,0.22624753725180086
2020-02-17,44.71804501194137,-122.25002021678588,0.9035786962857931
2020-02-17,44.69540746678156,-122.21768086655756,0.5067188418133373
2020-02-17,44.72720782783939,-122.1729447654084,0.8847809536419441
2020-02-17,44.69594645595203,-122.22037581240993,0.6321864807702582
2020-02-17,44.725051871157504,-122.17348375457888,0.7277826772227016
2020-02-17,44.71804501194137,-122.24301335756974,0.8321910637156578
2020-02-17,44.702953315168166,-122.19935523476153,0.8282706766890576
2020-02-17,44.69756342346345,-122.20366714812528,0.46262352194811307
2020-02-17,44.684088694201655,-122.19612129973868,1.079419554924638
2020-02-17,44.69810241263392,-122.19666028890916,0.27215937271127194
2020-02-17,44.69486847761109,-122.21983682323943,0.7705597909067275
2020-02-17,44.71103815272524,-122.2419353792288,0.8261170383077566
2020-02-17,44.714811076918544,-122.17671768960172,0.7436518757966178
2020-02-17,44.71804501194137,-122.17833465711313,0.7222902763863314
2020-02-17,44.72612984949845,-122.1600090253171,0.928122443961757
2020-02-17,44.696485445122505,-122.21229097485283,0.8248912626103723
2020-02-17,44.7099601743843,-122.24139639005833,0.8331062838190235
2020-02-17,44.7137330985776,-122.17402274374936,0.7700479895241991
2020-02-17,44.684088694201655,-122.1939653430568,0.9667378972512166
2020-02-17,44.696485445122505,-122.22360974743276,0.3854929749212492
2020-02-17,44.716428044429954,-122.12659169674784,0.9671636226680699
2020-02-17,44.710499163554765,-122.17456173291984,1.3256697393034558
2020-02-17,44.73313670871458,-122.16324296033991,0.8247470348653071
2020-02-17,44.7137330985776,-122.16971083038558,0.7981845631164367
2020-02-17,44.70834320687288,-122.17240577623794,1.4586150226995167
2020-02-17,44.69864140180439,-122.18911444052256,0.8647479676087984
2020-02-17,44.68085475917882,-122.19180938637491,1.0147197914109027
2020-02-17,44.72666883866892,-122.16809386287416,0.7250346247990866
2020-02-17,44.70888219604336,-122.17078880872651,1.3581234841531944
2020-02-17,44.727746817009866,-122.16108700365804,0.9030931797922086
2020-02-17,44.71858400111184,-122.15300216610096,1.3178265618424299
2020-02-17,44.71319410940713,-122.2451693142516,0.9247274430436629
2020-02-17,44.725051871157504,-122.15569711195332,0.7666370956700999
2020-02-17,44.70187533682722,-122.1885754513521,0.23139345078635165
2020-02-17,44.6927125209292,-122.20797906148908,0.6958174091158242
2020-02-17,44.704570282679576,-122.2360064983536,0.7550916665204699
2020-02-17,44.72235692530514,-122.17833465711313,0.8575480839967081
2020-02-17,44.70780421770241,-122.1788736462836,1.8718021769015913
2020-02-17,44.71157714189571,-122.18588050549972,0.44866837111706326
2020-02-17,44.71211613106618,-122.17510072209028,1.0152306797290584
2020-02-17,44.71211613106618,-122.1653989170218,2.213256984867268
2020-02-17,44.69594645595203,-122.23277256333076,3.028522096376982
2020-02-17,44.735292665396464,-122.16108700365804,0.7959656077434197
2020-02-17,44.716428044429954,-122.18102960296548,0.7489201414321163
2020-02-17,44.72235692530514,-122.18588050549972,0.8940558296222674
2020-02-17,44.69540746678156,-122.25055920595634,0.8049954806965144
2020-02-17,44.715350066089016,-122.18911444052256,0.8586440367745052
2020-02-17,44.69001757507685,-122.21067400734142,2.681021528714291
2020-02-17,44.6927125209292,-122.20690108314813,0.6683085292690587
2020-02-17,44.73098075203269,-122.1670158845332,0.872624574637497
2020-02-17,44.70888219604336,-122.23385054167171,1.0697585847715028
2020-02-17,44.706726239361466,-122.18049061379502,0.7227313316652282
2020-02-17,44.69594645595203,-122.20528411563672,0.4849914202112273
2020-02-17,44.69918039097486,-122.20205018061388,0.37783316944607853
2020-02-17,44.69918039097486,-122.19881624559105,0.2943443222771973
2020-02-17,44.69486847761109,-122.22792166079653,3.7121363162782033
2020-02-17,44.694329488440616,-122.20690108314813,0.5741952376985799
2020-02-17,44.6927125209292,-122.25325415180868,0.9957415484383724
2020-02-17,44.70079735848628,-122.19558231056824,0.27300083755694854
2020-02-17,44.72612984949845,-122.15246317693048,0.7839294104587187
2020-02-17,44.704570282679576,-122.1939653430568,0.3152016957321574
2020-02-17,44.73637064373741,-122.16054801448756,0.7897583145807144
2020-02-17,44.69163454258826,-122.2074400723186,0.8089491769381905
2020-02-17,44.71103815272524,-122.17617870043124,1.1986957472250923
2020-02-17,44.737987611248826,-122.15623610112378,1.1426882425748153
2020-02-17,44.716428044429954,-122.1788736462836,0.7357919858555052
2020-02-17,44.70618725019099,-122.24085740088783,0.7615374608867523
2020-02-17,44.702414325997694,-122.23816245503548,0.8369264174039389
2020-02-17,44.702414325997694,-122.24247436839926,1.4947750041139607
2020-02-17,44.71966197945279,-122.17833465711313,0.7423442623341784
2020-02-17,44.7099601743843,-122.1901924188635,0.36545977349446523
2020-02-17,44.71804501194137,-122.24840324927445,0.9066484343819206
2020-02-17,44.6927125209292,-122.20959602900048,0.814550427509324
2020-02-17,44.696485445122505,-122.24409133591068,1.3692632201016055
2020-02-17,44.69109555341779,-122.21714187738708,2.5195557852011747
2020-02-17,44.702414325997694,-122.23654548752408,0.8247470348653071
2020-02-17,44.72666883866892,-122.14114440435058,0.8413938904693974
2020-02-17,44.73313670871458,-122.16108700365804,0.7937118479227104
2020-02-17,44.69918039097486,-122.1880364621816,1.090173420022245
2020-02-17,44.71427208774807,-122.16485992785134,0.6998138719181346
2020-02-17,44.71427208774807,-122.18156859213596,0.8167826894125153
2020-02-17,44.70079735848628,-122.19719927807964,0.2911482804282672
2020-02-17,44.71912299028232,-122.18372454881784,0.8599460376133911
2020-02-17,44.715350066089016,-122.1826465704769,0.8446240620028014
2020-02-17,44.70133634765675,-122.1939653430568,0.27593105591626216
2020-02-17,44.70133634765675,-122.2300776174784,0.8359886465529401
2020-02-17,44.7137330985776,-122.18318555964736,0.8958382828110049
2020-02-17,44.694329488440616,-122.2510981951268,1.8191584434161694
2020-02-17,44.71427208774807,-122.2419353792288,0.8054241294312114
2020-02-17,44.681932737519766,-122.19450433222728,0.9064923169188245
2020-02-17,44.72720782783939,-122.1406054151801,1.0100304773924695
2020-02-17,44.7175060227709,-122.15731407946473,0.881199412062885
2020-02-17,44.70942118521383,-122.19342635388634,0.8345508483780374
2020-02-17,44.71427208774807,-122.17617870043124,0.6983504067293174
2020-02-17,44.69486847761109,-122.20097220227294,0.3305637999350466
2020-02-17,44.714811076918544,-122.1729447654084,0.7239802541026295
2020-02-17,44.70079735848628,-122.24409133591068,0.7886199752113641
2020-02-17,44.727746817009866,-122.1443783393734,0.8237590126298437
2020-02-17,44.704570282679576,-122.1977382672501,0.7796130335602676
2020-02-17,44.706726239361466,-122.1901924188635,0.2556201399921179
2020-02-17,44.722895914475615,-122.1788736462836,0.9009625861801198
2020-02-17,44.70834320687288,-122.18749747301116,0.2746255071493531
2020-02-17,44.702953315168166,-122.19073140803395,0.248072934356735
2020-02-17,44.681932737519766,-122.19558231056824,0.9218490263869494
2020-02-17,44.71211613106618,-122.1637819495104,0.9834852970698426
2020-02-17,44.714811076918544,-122.18695848384068,0.8824310781769024
2020-02-17,44.70079735848628,-122.19827725642058,0.298651103822355
2020-02-17,44.71804501194137,-122.16485992785134,0.9272397463638254
2020-02-17,44.70025836931581,-122.2419353792288,0.9144198239383434
2020-02-17,44.71858400111184,-122.16324296033991,0.8708283577973978
2020-02-17,44.70780421770241,-122.18695848384068,0.2508115366434531
2020-02-17,44.696485445122505,-122.1939653430568,1.9760631872260008
2020-02-17,44.71966197945279,-122.1540801444419,0.7943125483099623
2020-02-17,44.70133634765675,-122.23816245503548,0.8001791609954382
2020-02-17,44.692173531758726,-122.21282996402331,0.9052779320387531
2020-02-17,44.73960457876024,-122.15893104697616,0.9642695369727079
2020-02-17,44.71588905525949,-122.16647689536276,1.455287232606842
2020-02-17,44.72181793613468,-122.15138519858954,0.8393053743329628
2020-02-17,44.68570566171307,-122.19827725642058,0.8667916550682048
2020-02-17,44.716967033600426,-122.1691718412151,2.243744592971112
2020-02-17,44.704570282679576,-122.18480252715878,0.6931471805599453
2020-02-17,44.70403129350911,-122.19612129973868,0.3557934983109267
2020-02-17,44.72451288198703,-122.18318555964736,0.959431331494171
2020-02-17,44.721278946964205,-122.15192418776002,0.82012155091258
2020-02-17,44.72990277369175,-122.16863285204464,0.835005367014049
2020-02-17,44.70079735848628,-122.2397794225469,0.8928604800657691
2020-02-17,44.716428044429954,-122.17348375457888,1.4562576354001207
2020-02-17,44.70834320687288,-122.17617870043124,1.0068047394149868
2020-02-17,44.681393748349294,-122.1923483755454,0.9297975127804545
2020-02-17,44.71211613106618,-122.18911444052256,0.8331156491646693
2020-02-17,44.67923779166741,-122.19450433222728,0.9536024403115122
2020-02-17,44.71211613106618,-122.1826465704769,0.8100783064672338
2020-02-17,44.712655120236654,-122.17671768960172,0.8244464037174071
2020-02-17,44.714811076918544,-122.18911444052256,0.8551947948176581
2020-02-17,44.715350066089016,-122.16809386287416,1.498212277323876
2020-02-17,44.72397389281656,-122.16485992785134,0.9239990416099858
2020-02-17,44.716428044429954,-122.18318555964736,0.8223877441935711
2020-02-17,44.706726239361466,-122.19612129973868,0.8573335253096874
2020-02-17,44.716428044429954,-122.18156859213596,0.7508638860420146
2020-02-17,44.725590860327976,-122.15839205780568,0.8956145990357278
2020-02-17,44.69864140180439,-122.23492852001266,0.6750743995002508
2020-02-17,44.72073995779373,-122.24570830342208,0.8488124384881688
2020-02-17,44.716967033600426,-122.18911444052256,0.9738833619606134
2020-02-17,44.70349230433864,-122.23438953084218,0.7806584325912261
2020-02-17,44.71858400111184,-122.16216498199896,0.9247059287994395
2020-02-17,44.69379049927014,-122.21606389904616,0.9560587904160327
2020-02-17,44.69001757507685,-122.20690108314813,0.8416211197169023
2020-02-17,44.69756342346345,-122.23438953084218,0.6918322559786363
2020-02-17,44.69756342346345,-122.19180938637491,1.3470736479666094
2020-02-17,44.72343490364609,-122.18426353798831,0.9392113025826607
2020-02-17,44.68840060756543,-122.20474512646624,0.8751257430099441
2020-02-17,44.71427208774807,-122.18749747301116,0.8829007609114868
2020-02-17,44.7175060227709,-122.17779566794266,0.8925519386073486
2020-02-17,44.71427208774807,-122.17510072209028,0.6939412725575221
2020-02-17,44.74014356793072,-122.15839205780568,0.941364369426271
2020-02-17,44.69702443429298,-122.2494812276154,1.0986122886681098
2020-02-17,44.677620824156,-122.19073140803395,1.448169764837978
2020-02-17,44.69486847761109,-122.20205018061388,0.3483066942682158
2020-02-17,44.69756342346345,-122.22792166079653,0.7758714893356548
2020-02-17,44.67438688913316,-122.19666028890916,1.1202678846824845
2020-02-17,44.70564826102052,-122.19719927807964,0.8132438148926725
2020-02-17,44.725590860327976,-122.1465342960553,0.9246390212656262
2020-02-17,44.70726522853194,-122.18588050549972,0.26743123151532605
2020-02-17,44.72451288198703,-122.16485992785134,0.9207650122690763
2020-02-17,44.70079735848628,-122.2322335741603,0.724288730113106
2020-02-17,44.721278946964205,-122.17563971126076,1.9568392195875035
2020-02-17,44.69971938014533,-122.23708447669456,0.8005310408614287
2020-02-17,44.72720782783939,-122.14922924190763,0.8443316249836136
2020-02-17,44.702414325997694,-122.19450433222728,0.28768207245178085
2020-02-17,44.716428044429954,-122.18911444052256,0.8902480743813063
2020-02-17,44.67815981332647,-122.18911444052256,1.1454067506093057
2020-02-17,44.681932737519766,-122.1923483755454,0.9228192603380725
2020-02-17,44.72451288198703,-122.13629350181633,0.8884559328807112
2020-02-17,44.71966197945279,-122.25002021678588,0.9058226559881218
2020-02-17,44.69325151009967,-122.20312815895484,0.4554755286828257
2020-02-17,44.72343490364609,-122.1788736462836,0.9641588120686186
2020-02-17,44.71211613106618,-122.18049061379502,0.7813978686513112
2020-02-17,44.69379049927014,-122.25325415180868,1.3772445255999728
2020-02-17,44.73313670871458,-122.1616259928285,0.7376824579929934
2020-02-17,44.69486847761109,-122.199894223932,0.4402080565520373
2020-02-17,44.71319410940713,-122.1653989170218,0.8534898306351246
2020-02-17,44.681932737519766,-122.19342635388634,0.9603245583831221
2020-02-17,44.69486847761109,-122.20690108314813,0.5422240452235535
2020-02-17,44.70187533682722,-122.23492852001266,0.7883800537274568
2020-02-17,44.715350066089016,-122.18588050549972,0.8507119982204615
2020-02-17,44.722895914475615,-122.15731407946473,0.8543163623486733
2020-02-17,44.70942118521383,-122.1923483755454,0.7656400925921548
2020-02-17,44.72451288198703,-122.14006642600964,1.3593385511313625
2020-02-17,44.69810241263392,-122.20582310480718,0.4811204693520749
2020-02-17,44.72720782783939,-122.14707328522576,0.8129606737667109
2020-02-17,44.72666883866892,-122.17348375457888,0.8832478125725999
2020-02-17,44.6889395967359,-122.20312815895484,0.8860508466844369
2020-02-17,44.67977678083789,-122.1923483755454,0.9889925636508873
2020-02-17,44.69864140180439,-122.19558231056824,0.2911970145592254
2020-02-17,44.72451288198703,-122.18210758130644,0.8929887066713108
2020-02-17,44.71157714189571,-122.1864194946702,0.4570524768986577
2020-02-17,44.69379049927014,-122.20312815895484,0.8240845380074213
2020-02-17,44.70942118521383,-122.24139639005833,0.8831169581921567
2020-02-17,44.69540746678156,-122.20905703983,0.5231208606230281
2020-02-17,44.710499163554765,-122.24301335756974,0.9986868704117327
2020-02-17,44.69918039097486,-122.20851805065952,0.8488004902717387
2020-02-17,44.7385266004193,-122.15731407946473,0.8236497975223073
2020-02-17,44.69864140180439,-122.21282996402331,1.7813291269491827
2020-02-17,44.6927125209292,-122.2187588448985,0.38467433843909055
2020-02-17,44.71211613106618,-122.16485992785134,1.7263767099652032
2020-02-17,44.72181793613468,-122.15839205780568,0.8510373981163204
2020-02-17,44.70618725019099,-122.2360064983536,0.772516181797537
2020-02-17,44.72235692530514,-122.17995162462454,0.8646223202580734
2020-02-17,44.706726239361466,-122.2419353792288,0.8870777920922509
2020-02-17,44.702953315168166,-122.24031841171735,0.878462538150104
2020-02-17,44.72235692530514,-122.13359855596396,0.9357820751211285
2020-02-17,44.69702443429298,-122.2209148015804,0.523020896859809
2020-02-17,44.69055656424732,-122.20474512646624,0.7483880482706223
2020-02-17,44.71588905525949,-122.18210758130644,0.7791336248603109
2020-02-17,44.69810241263392,-122.23492852001266,0.6957513486983332
2020-02-17,44.71103815272524,-122.23924043337642,0.8045207101647823
2020-02-17,44.69540746678156,-122.19612129973868,1.3053252985862236
2020-02-17,44.70618725019099,-122.18965342969304,0.24971057869893162
2020-02-17,44.70025836931581,-122.20205018061388,0.5052155108752239
2020-02-17,44.69918039097486,-122.1923483755454,0.2379586370993503
2020-02-17,44.71804501194137,-122.12820866425926,0.7683949590700069
2020-02-17,44.72666883866892,-122.1443783393734,0.8680763701211323
2020-02-17,44.7099601743843,-122.18372454881784,0.7947355302963481
2020-02-17,44.70349230433864,-122.18965342969304,0.2387080678553213
2020-02-17,44.69702443429298,-122.2300776174784,0.6607294309865228
2020-02-17,44.72990277369175,-122.16270397116944,0.8718614157405113
2020-02-17,44.72343490364609,-122.17617870043124,0.7476777536093834
2020-02-17,44.73475367622599,-122.16216498199896,0.8881322502443332
2020-02-17,44.70187533682722,-122.19881624559105,0.49410118082479615
2020-02-17,44.71588905525949,-122.18480252715878,0.8207627425071293
2020-02-17,44.72343490364609,-122.18210758130644,0.8989316283685034
2020-02-17,44.71858400111184,-122.1880364621816,0.9510116624235527
2020-02-17,44.694329488440616,-122.21552490987568,0.9121584945892446
2020-02-17,44.72612984949845,-122.1503072202486,0.8424715077372968
2020-02-17,44.73475367622599,-122.16108700365804,0.7895643558364511
2020-02-17,44.71103815272524,-122.17348375457888,1.1526795099383853
2020-02-17,44.706726239361466,-122.19073140803395,0.24701103272085306
2020-02-17,44.74014356793072,-122.15677509029426,0.8742912276505804
2020-02-17,44.706726239361466,-122.18911444052256,0.23739557402141126
2020-02-17,44.69325151009967,-122.2187588448985,0.3757389278429637
2020-02-17,44.725051871157504,-122.14599530688484,1.252762968495368
2020-02-17,44.71157714189571,-122.18372454881784,0.8926365409762653
2020-02-17,44.71319410940713,-122.24139639005833,0.8136453957285469
2020-02-17,44.73690963290788,-122.15947003614662,0.815189661184755
2020-02-17,44.69594645595203,-122.24786426010398,1.0688776897252306
2020-02-17,44.69971938014533,-122.19288736471586,0.2418725364204867
2020-02-17,44.71211613106618,-122.18372454881784,0.7868875549024934
2020-02-17,44.71912299028232,-122.15515812278284,0.9227216222044455
2020-02-17,44.725051871157504,-122.15246317693048,0.7490038598464609
2020-02-17,44.69918039097486,-122.2473252709335,1.4619317753255108
2020-02-17,44.6927125209292,-122.20097220227294,3.5765502691400166
2020-02-17,44.737448622078354,-122.15677509029426,0.9631864537689766
2020-02-17,44.72990277369175,-122.1578530686352,0.9995744766974527
2020-02-17,44.70079735848628,-122.24031841171735,0.8809310997457399
2020-02-17,44.706726239361466,-122.23492852001266,0.7785730173410849
2020-02-17,44.72612984949845,-122.14006642600964,0.8748610193163571
2020-02-17,44.715350066089016,-122.24570830342208,0.6352532021410426
2020-02-17,44.69594645595203,-122.25163718429728,1.192110999991299
2020-02-17,44.71912299028232,-122.18534151632926,0.8699180254632524
2020-02-17,44.6927125209292,-122.22468772577368,5.6131281063880705
2020-02-17,44.70403129350911,-122.19288736471586,0.3061157741406189
2020-02-17,44.68947858590637,-122.20420613729576,0.8845360320411907
2020-02-17,44.737987611248826,-122.15893104697616,0.8217119918196172
2020-02-17,44.71157714189571,-122.17725667877218,0.8466889952928948
2020-02-17,44.710499163554765,-122.17186678706749,1.0027119642612339
2020-02-17,44.72020096862326,-122.15731407946473,0.7893510057337394
2020-02-17,44.67600385664458,-122.18911444052256,1.4631099582880511
2020-02-17,44.72343490364609,-122.1653989170218,1.2167118301033657
2020-02-17,44.731519741203165,-122.1670158845332,0.9561576486040427
2020-02-17,44.702953315168166,-122.19504332139776,0.32516516570652143
2020-02-17,44.70025836931581,-122.22792166079653,0.8692198223664528
2020-02-17,44.72235692530514,-122.15354115527144,0.7599709776192013
2020-02-17,44.716967033600426,-122.18049061379502,0.737758445483777
2020-02-17,44.72020096862326,-122.16054801448756,1.2975332024064732
2020-02-17,44.69325151009967,-122.21175198568235,0.7807144881519882
2020-02-17,44.69594645595203,-122.2419353792288,1.1518302529871303
2020-02-17,44.69756342346345,-122.23169458498982,0.7198922430930237
2020-02-17,44.7175060227709,-122.24894223844493,0.9653201591144737
2020-02-17,44.67869880249694,-122.18965342969304,1.4808205346120067
2020-02-17,44.71588905525949,-122.18318555964736,0.8096123731263486
2020-02-17,44.69864140180439,-122.22792166079653,0.828321958928198
2020-02-17,44.71912299028232,-122.17941263545409,0.7432995286252408
2020-02-17,44.69594645595203,-122.20097220227294,0.31476854663735226
2020-02-17,44.72990277369175,-122.16485992785134,0.7168949984099818
2020-02-17,44.69971938014533,-122.1885754513521,0.8392607228425547
2020-02-17,44.71157714189571,-122.18534151632926,0.5166339653617376
2020-02-17,44.710499163554765,-122.23816245503548,0.7863976274012595
2020-02-17,44.714811076918544,-122.16054801448756,0.8407552077292479
2020-02-17,44.712655120236654,-122.17240577623794,0.8953840470548413
2020-02-17,44.72073995779373,-122.13090361011162,0.8936112431047376
2020-02-17,44.72612984949845,-122.14222238269151,0.8293776301536327
2020-02-17,44.72451288198703,-122.18049061379502,0.9506583753783628
2020-02-17,44.69702443429298,-122.20097220227294,0.30429587311443645
2020-02-17,44.70079735848628,-122.1939653430568,0.26743123151532605
2020-02-17,44.69702443429298,-122.22145379075086,0.6566134372274893
2020-02-17,44.72235692530514,-122.1826465704769,0.7927957619628684
2020-02-17,44.725590860327976,-122.15569711195332,0.7655027427020558
2020-02-17,44.69918039097486,-122.1901924188635,0.22314355131420976
2020-02-17,44.69540746678156,-122.22414873660324,0.29274537440832765
2020-02-17,44.71966197945279,-122.1788736462836,0.7407916762413592
2020-02-17,44.722895914475615,-122.18426353798831,0.9184236868242966
2020-02-17,44.712655120236654,-122.24463032508116,0.9733326702611738
2020-02-17,44.67869880249694,-122.19127039720443,0.9694005571881036
2020-02-17,44.72020096862326,-122.24894223844493,0.8634925463071842
2020-02-17,44.692173531758726,-122.25271516263822,3.5492067934673313
2020-02-17,44.715350066089016,-122.16863285204464,1.213923135179104
2020-02-17,44.722895914475615,-122.13575451264586,1.1635847434206479
2020-02-17,44.694329488440616,-122.19935523476153,2.289339866244025
2020-02-17,44.69702443429298,-122.21606389904616,0.8296345315886676
2020-02-17,44.72020096862326,-122.18049061379502,0.8163393940757379
2020-02-17,44.71211613106618,-122.23870144420596,1.1947561492210121
2020-02-17,44.704570282679576,-122.18318555964736,0.6931471805599453
2020-02-17,44.7099601743843,-122.18588050549972,0.4240702959391988
2020-02-17,44.70133634765675,-122.2419353792288,0.9170872273364148
2020-02-17,44.69379049927014,-122.20905703983,0.6306941659133956
2020-02-17,44.716428044429954,-122.16324296033991,1.1430640512389434
2020-02-17,44.681393748349294,-122.19180938637491,1.003713546845314
2020-02-17,44.722895914475615,-122.18102960296548,0.9682318281747633
2020-02-17,44.715350066089016,-122.16324296033991,1.0663514264498881
2020-02-17,44.71103815272524,-122.24301335756974,0.853136130801817
2020-02-17,44.69864140180439,-122.23654548752408,0.6975427920329834
2020-02-17,44.67869880249694,-122.1923483755454,1.0301258745229536
2020-02-17,44.71912299028232,-122.13036462094114,0.9523820184365279
2020-02-17,44.7099601743843,-122.18156859213596,0.7837184829007688
2020-02-17,44.69109555341779,-122.20690108314813,0.9007865453381899
2020-02-17,44.69325151009967,-122.20959602900048,0.6453420083050867
2020-02-17,44.71966197945279,-122.15138519858954,1.2829160066660557
2020-02-17,44.72612984949845,-122.1637819495104,0.9110823867670168
2020-02-17,44.71427208774807,-122.17725667877218,0.7602718219523363
2020-02-17,44.71588905525949,-122.17833465711313,0.7454849105322848
2020-02-17,44.69864140180439,-122.22522671494416,0.9400375390407626
2020-02-17,44.69810241263392,-122.23115559581936,0.713628963465455
2020-02-17,44.706726239361466,-122.18156859213596,0.8029465725596157
2020-02-17,44.7099601743843,-122.1788736462836,1.0258529343856815
2020-02-17,44.72020096862326,-122.1540801444419,0.8591323180342064
2020-02-17,44.72720782783939,-122.14222238269151,0.8194979721096075
2020-02-17,44.70187533682722,-122.24031841171735,0.8377833529165737
2020-02-17,44.70726522853194,-122.17941263545409,1.0986122886681098
2020-02-17,44.702414325997694,-122.19180938637491,0.2545298651348804
2020-02-17,44.72451288198703,-122.1788736462836,0.8917328810924909
2020-02-17,44.69756342346345,-122.2209148015804,1.072135995956242
2020-02-17,44.69756342346345,-122.22468772577368,0.4294945328349997
2020-02-17,44.715350066089016,-122.15677509029426,1.0070195852639174
2020-02-17,44.70888219604336,-122.17348375457888,1.32687094064909
2020-02-17,44.69702443429298,-122.23654548752408,2.8656581013133264
2020-02-17,44.722895914475615,-122.15461913361236,0.7587173447693945
2020-02-17,44.70726522853194,-122.23708447669456,0.7664242428195798
2020-02-17,44.70025836931581,-122.23438953084218,0.7511739689242528
2020-02-17,44.69864140180439,-122.2419353792288,1.3503052180890378
2020-02-17,44.69486847761109,-122.25217617346776,0.9474017268992077
2020-02-17,44.73098075203269,-122.1637819495104,0.7748833687398148
2020-02-17,44.677620824156,-122.19127039720443,2.7550751397470727
2020-02-17,44.69971938014533,-122.2322335741603,0.7423643302183581
2020-02-17,44.72828580618033,-122.16593790619228,0.7268494509274626
2020-02-17,44.71804501194137,-122.1826465704769,0.7922995403531985
2020-02-17,44.70726522853194,-122.23924043337642,0.7054930163822447
2020-02-17,44.731519741203165,-122.15947003614662,1.065710852473721
2020-02-17,44.70079735848628,-122.18911444052256,0.23901690047049992
2020-02-17,44.69486847761109,-122.2510981951268,0.7419373447293773
2020-02-17,44.69486847761109,-122.21013501817096,0.5921203661592374
2020-02-17,44.715350066089016,-122.1616259928285,0.8472978603872034
2020-02-17,44.70510927185005,-122.19719927807964,0.6745246684619435
2020-02-17,44.69486847761109,-122.22738267162605,2.0901205142556902
2020-02-17,44.696485445122505,-122.21013501817096,0.5784842722398055
2020-02-17,44.725590860327976,-122.17833465711313,0.8923579656625267
2020-02-17,44.696485445122505,-122.20312815895484,0.49150983446669905
2020-02-17,44.72397389281656,-122.16432093868086,0.9247964291429912
2020-02-17,44.716428044429954,-122.2473252709335,1.204124537882103
2020-02-17,44.73421468705553,-122.16432093868086,1.7953761096982435
2020-02-17,44.71912299028232,-122.1600090253171,1.148622709242771
2020-02-17,44.72181793613468,-122.15192418776002,0.8665096615839104
2020-02-17,44.70079735848628,-122.23438953084218,0.8230710806232964
2020-02-17,44.725590860327976,-122.16270397116944,0.8886718395723103
2020-02-17,44.70726522853194,-122.1880364621816,0.25394393281993083
2020-02-17,44.704570282679576,-122.18749747301116,0.2524957633267371
2020-02-17,44.71858400111184,-122.17941263545409,0.7559352751600139
2020-02-17,44.696485445122505,-122.21768086655756,0.6610588660084448
2020-02-17,44.68624465088354,-122.19719927807964,0.9191752676826628
2020-02-17,44.72343490364609,-122.15246317693048,0.8044227732062743
2020-02-17,44.70133634765675,-122.20151119144342,0.7607440707761469
2020-02-17,44.725590860327976,-122.17563971126076,0.9089361670344848
2020-02-17,44.716967033600426,-122.15839205780568,0.9019019944220555
2020-02-17,44.72181793613468,-122.17995162462454,0.8025091138199204
2020-02-17,44.72073995779373,-122.17563971126076,1.9832976811269336
2020-02-17,44.70079735848628,-122.23546750918312,0.7964085088817116
2020-02-17,44.70133634765675,-122.199894223932,0.5724091393953322
2020-02-17,44.73583165456694,-122.15893104697616,0.8110437042718328
2020-02-17,44.70403129350911,-122.23708447669456,0.8986581822728102
2020-02-17,44.70834320687288,-122.19612129973868,0.9637748353157053
2020-02-17,44.702414325997694,-122.2300776174784,2.1081661167248646
2020-02-17,44.6927125209292,-122.21175198568235,0.9243349500423236
2020-02-17,44.725051871157504,-122.14114440435058,0.9145296512898573
2020-02-17,44.696485445122505,-122.19935523476153,0.2731795110851541
2020-02-17,44.725590860327976,-122.17240577623794,0.7214127247019829
2020-02-17,44.73259771954411,-122.1600090253171,0.8511550175268378
2020-02-17,44.725051871157504,-122.14707328522576,1.3485540331370436
2020-02-17,44.72020096862326,-122.13359855596396,1.3221914749271308
2020-02-17,44.71427208774807,-122.17941263545409,0.7868622476910215
2020-02-17,44.721278946964205,-122.1788736462836,0.7583671990709207
2020-02-17,44.70726522853194,-122.1901924188635,0.27193371548364176
2020-02-17,44.70187533682722,-122.2397794225469,0.8983008934725623
2020-02-17,44.72397389281656,-122.1788736462836,0.9386797267676337
2020-02-17,44.69594645595203,-122.20959602900048,0.5776762846619414
2020-02-17,44.702953315168166,-122.19450433222728,0.3150810466398953
2020-02-17,44.725051871157504,-122.16593790619228,0.904110313317284
2020-02-17,44.694329488440616,-122.2149859207052,0.8605418066873254
2020-02-17,44.72666883866892,-122.15731407946473,0.9048263019834556
2020-02-17,44.716428044429954,-122.2435523467402,0.8199724395323613
2020-02-17,44.69486847761109,-122.20043321310249,0.3517982070994398
2020-02-17,44.725051871157504,-122.14383935020294,1.4307461236907244
2020-02-17,44.716967033600426,-122.24570830342208,0.8060489107619071
2020-02-17,44.710499163554765,-122.18695848384068,0.34228620648663277
2020-02-17,44.721278946964205,-122.15300216610096,0.8174853544035035
2020-02-17,44.70618725019099,-122.23385054167171,0.8058096794495548
2020-02-17,44.72181793613468,-122.17402274374936,1.927891643552635
2020-02-17,44.725590860327976,-122.15192418776002,0.7681428361648802
2020-02-17,44.69971938014533,-122.19666028890916,0.27935364834529913
2020-02-17,44.71588905525949,-122.25163718429728,1.066177012914956
2020-02-17,44.72073995779373,-122.1540801444419,0.8094832795734334
2020-02-17,44.70834320687288,-122.1923483755454,0.4565711190416606
2020-02-17,44.71427208774807,-122.17024981955603,0.7757311856621542
2020-02-17,44.72397389281656,-122.18426353798831,0.9283331239734917
2020-02-17,44.72720782783939,-122.16108700365804,0.902205991992416
2020-02-17,44.72181793613468,-122.24678628176304,0.8927054196694341
2020-02-17,44.704570282679576,-122.24031841171735,0.7387667008615879
2020-02-17,44.72343490364609,-122.17348375457888,0.7342744719838084
2020-02-17,44.70942118521383,-122.17563971126076,1.3523928094442093
2020-02-17,44.7385266004193,-122.1578530686352,0.7742614125792415
2020-02-17,44.7137330985776,-122.16108700365804,0.8421827597204331
2020-02-17,44.716428044429954,-122.171327797897,1.124960190187676
2020-02-17,44.725590860327976,-122.14006642600964,0.9259216249351164
2020-02-17,44.70133634765675,-122.23438953084218,0.7992481627454955
2020-02-17,44.70888219604336,-122.17779566794266,1.0704414117014134
2020-02-17,44.71966197945279,-122.1616259928285,1.6591469409519284
2020-02-17,44.72181793613468,-122.24894223844493,0.8975198302304952
2020-02-17,44.70079735848628,-122.23870144420596,0.8104968199305616
2020-02-17,44.70942118521383,-122.18588050549972,0.3459509805757567
2020-02-17,44.702953315168166,-122.23546750918312,0.8033601573557835
2020-02-17,44.725590860327976,-122.1653989170218,0.8880409846167807
2020-02-17,44.70942118521383,-122.23492852001266,0.8778296246063633
2020-02-17,44.694329488440616,-122.2209148015804,0.5332984796180493
2020-02-17,44.69756342346345,-122.19504332139776,0.2586945355785287
2020-02-17,44.721278946964205,-122.24678628176304,0.8515935938752789
2020-02-17,44.7175060227709,-122.24570830342208,0.8222586764863167
2020-02-17,44.71211613106618,-122.16324296033991,0.9196296331396697
2020-02-17,44.696485445122505,-122.2473252709335,1.13036098698269
2020-02-17,44.712655120236654,-122.18965342969304,0.8336910725518117
2020-02-17,44.73205873037364,-122.16216498199896,0.792595243459284
2020-02-17,44.71858400111184,-122.16270397116944,0.8477400447852996
2020-02-17,44.69325151009967,-122.2225317690918,2.960503581670247
2020-02-17,44.70780421770241,-122.237623465865,0.7715112673601483
2020-02-17,44.70564826102052,-122.23331155250123,0.7985637484584746
2020-02-17,44.7137330985776,-122.1826465704769,0.9071260572245914
2020-02-17,44.70025836931581,-122.20528411563672,0.8021474441446428
2020-02-17,44.71319410940713,-122.17024981955603,1.0021520224805474
2020-02-17,44.71103815272524,-122.17186678706749,1.0632729222228008
2020-02-17,44.69756342346345,-122.19881624559105,0.298651103822355
2020-02-17,44.72020096862326,-122.15138519858954,0.8887545740655498
2020-02-17,44.69756342346345,-122.23654548752408,1.144116044052936
2020-02-17,44.70133634765675,-122.24247436839926,0.9265498301491424
2020-02-17,44.72181793613468,-122.15354115527144,0.7755206975797094
2020-02-17,44.69864140180439,-122.19180938637491,0.6931471805599453
2020-02-17,44.71211613106618,-122.18749747301116,0.6941977847539367
2020-02-17,44.68840060756543,-122.20205018061388,0.8650476093251621
2020-02-17,44.72666883866892,-122.16647689536276,0.7289470378904278
2020-02-17,44.71319410940713,-122.1616259928285,0.8754687373538999
2020-02-17,44.71966197945279,-122.2510981951268,1.473531344427454
2020-02-17,44.71804501194137,-122.16324296033991,0.9025605390622531
2020-02-17,44.71427208774807,-122.18210758130644,0.8297907330598219
2020-02-17,44.696485445122505,-122.21282996402331,0.7947073807094414
2020-02-17,44.71804501194137,-122.15677509029426,0.8780695190539572
2020-02-17,44.69918039097486,-122.23816245503548,1.0458889827518405
2020-02-17,44.733675697885054,-122.16270397116944,0.8286434248153992
2020-02-17,44.70726522853194,-122.17779566794266,2.1400661634962708
2020-02-17,44.71804501194137,-122.17995162462454,0.7393783763237477
2020-02-17,44.69971938014533,-122.2419353792288,1.0498221244986776
2020-02-17,44.725590860327976,-122.14168339352103,0.8945073885640663
2020-02-17,44.712655120236654,-122.18749747301116,0.7594393673685735
2020-02-17,44.715350066089016,-122.18965342969304,0.8552249728452865
2020-02-17,44.71103815272524,-122.17563971126076,1.1474024528375417
2020-02-17,44.716967033600426,-122.2510981951268,1.1703671981984343
2020-02-17,44.72720782783939,-122.15677509029426,0.9548584193185529
2020-02-17,44.72720782783939,-122.14114440435058,0.8479055784247465
2020-02-17,44.696485445122505,-122.24463032508116,1.5330026845910234
2020-02-17,44.69918039097486,-122.20312815895484,0.45529748185603997
2020-02-17,44.710499163554765,-122.24031841171735,0.8104382112863546
2020-02-17,44.716967033600426,-122.1788736462836,0.7304873101782644
2020-02-17,44.69971938014533,-122.20528411563672,0.47803580094299974
2020-02-17,44.67492587830363,-122.19612129973868,1.0037814602896553
2020-02-17,44.722895914475615,-122.17510072209028,0.7661723155748351
2020-02-17,44.725051871157504,-122.16863285204464,0.7222469622954824
2020-02-17,44.72990277369175,-122.16324296033991,0.7992067525202695
2020-02-17,44.702953315168166,-122.1901924188635,0.24795872043393366
2020-02-17,44.68732262922448,-122.20097220227294,0.9220314190486598
2020-02-17,44.69325151009967,-122.25379314097916,1.3178368277815837
2020-02-17,44.70726522853194,-122.18156859213596,0.7866495864462156
2020-02-17,44.69540746678156,-122.21229097485283,0.7042790209287895
2020-02-17,44.71588905525949,-122.1691718412151,0.8383291904044432
2020-02-17,44.704570282679576,-122.19827725642058,1.0588930088835362
2020-02-17,44.69810241263392,-122.22792166079653,0.7884573603642703
2020-02-17,44.69702443429298,-122.19881624559105,0.2864057480921762
2020-02-17,44.70187533682722,-122.23708447669456,0.8003927109135429
2020-02-17,44.68462768337213,-122.19558231056824,1.0968948129346443
2020-02-17,44.70510927185005,-122.19180938637491,0.2769099754698698
2020-02-17,44.69540746678156,-122.24840324927445,1.3499631700612043
2020-02-17,44.70888219604336,-122.1885754513521,0.2734974374598244
2020-02-17,44.727746817009866,-122.15677509029426,0.9358717770732614
2020-02-17,44.71912299028232,-122.1864194946702,0.9149628363930595
2020-02-17,44.67923779166741,-122.19073140803395,0.9982546697255855
2020-02-17,44.68947858590637,-122.199894223932,2.9607525546579643
2020-02-17,44.70888219604336,-122.17725667877218,1.2286654169163074
2020-02-17,44.704570282679576,-122.24085740088783,0.8945272680282491
2020-02-17,44.69540746678156,-122.2510981951268,0.7079184978802578
2020-02-17,44.69540746678156,-122.2166028882166,0.5203739886346851
2020-02-17,44.70133634765675,-122.18911444052256,0.22094333040460734
2020-02-17,44.70510927185005,-122.23816245503548,0.9387067102200333
2020-02-17,44.70780421770241,-122.17779566794266,2.1972245773362196
2020-02-17,44.69702443429298,-122.20205018061388,0.3048604089868654
2020-02-17,44.696485445122505,-122.24786426010398,1.0545860399116194
2020-02-17,44.72451288198703,-122.17941263545409,0.8937718683388053
2020-02-17,44.68247172669024,-122.1923483755454,1.0235000712115652
2020-02-17,44.731519741203165,-122.1616259928285,0.8354428711780563
2020-02-17,44.69702443429298,-122.20905703983,0.4883527679139322
2020-02-17,44.70564826102052,-122.2397794225469,0.7056473433241768
2020-02-17,44.70025836931581,-122.19342635388634,0.2556201399921179
2020-02-17,44.69810241263392,-122.2074400723186,0.581277284716602
2020-02-17,44.712655120236654,-122.24409133591068,0.936194425419347
2020-02-17,44.70834320687288,-122.1864194946702,0.251314428280906
2020-02-17,44.722895914475615,-122.15839205780568,0.8344641391345686
2020-02-17,44.71319410940713,-122.16324296033991,0.6321450720454338
2020-02-17,44.70403129350911,-122.18480252715878,0.6931471805599453
2020-02-17,44.70834320687288,-122.18102960296548,1.5040773967762742
2020-02-17,44.71103815272524,-122.23654548752408,1.9669107641238406
2020-02-17,44.716967033600426,-122.1600090253171,1.000631880307906
2020-02-17,44.722895914475615,-122.18534151632926,0.9149131856561186
2020-02-17,44.72666883866892,-122.17024981955603,0.7576486310222698
2020-02-17,44.727746817009866,-122.17402274374936,0.8593905091487026
2020-02-17,44.69055656424732,-122.2149859207052,1.4939250253122562
2020-02-17,44.70888219604336,-122.19504332139776,0.8557284911437951
2020-02-17,44.722895914475615,-122.17941263545409,0.8822977098119476
2020-02-17,44.70618725019099,-122.1788736462836,2.341805806147327
2020-02-17,44.70564826102052,-122.18426353798831,0.43460624301566386
2020-02-17,44.69971938014533,-122.2360064983536,0.7368746783231648
2020-02-17,44.73313670871458,-122.15947003614662,0.8570469372390452
2020-02-17,44.70349230433864,-122.23924043337642,0.8246494889576869
2020-02-17,44.71912299028232,-122.24463032508116,0.8727985087980211
2020-02-17,44.70780421770241,-122.19342635388634,0.7949603352789733
2020-02-17,44.70834320687288,-122.171327797897,1.0986122886681098
2020-02-17,44.70942118521383,-122.18426353798831,0.4767058029636107
2020-02-17,44.72990277369175,-122.16647689536276,0.728245735502117
2020-02-17,44.69864140180439,-122.1923483755454,0.6931471805599453
2020-02-17,44.71588905525949,-122.16809386287416,1.6193882432872684
2020-02-17,44.712655120236654,-122.18210758130644,0.8211867163835178
2020-02-17,44.725590860327976,-122.14922924190763,0.8006236150010861
2020-02-17,44.722895914475615,-122.15246317693048,0.7814898202267727
2020-02-17,44.70510927185005,-122.18372454881784,0.5765699812971108
2020-02-17,44.702414325997694,-122.19666028890916,0.3364722366212129
2020-02-17,44.72720782783939,-122.1481512635667,0.8388518642337927
2020-02-17,44.72936378452128,-122.1653989170218,0.7204117450953689
2020-02-17,44.73313670871458,-122.16485992785134,0.9273640988566703
2020-02-17,44.694329488440616,-122.21929783406898,0.6931471805599453
2020-02-17,44.71966197945279,-122.25055920595634,0.9312155446221468
2020-02-17,44.68085475917882,-122.19342635388634,0.8701961483114148
2020-02-17,44.72020096862326,-122.24786426010398,0.7488577875739509
2020-02-17,44.721278946964205,-122.24786426010398,0.8338367998846384
2020-02-17,44.714811076918544,-122.18749747301116,0.8882439288426227
2020-02-17,44.7175060227709,-122.17995162462454,0.7369427751282334
2020-02-17,44.72666883866892,-122.17240577623794,0.8502337056873529
2020-02-17,44.716967033600426,-122.2435523467402,0.8104985304768385
2020-02-17,44.715350066089016,-122.171327797897,0.7272977559096128
2020-02-17,44.69971938014533,-122.2435523467402,0.8431604941212423
2020-02-17,44.69163454258826,-122.2166028882166,0.8486705441991759
2020-02-17,44.70187533682722,-122.19073140803395,0.23612426278693086
2020-02-17,44.716967033600426,-122.1670158845332,0.9448745760158304
2020-02-17,44.712655120236654,-122.1616259928285,0.9465960813694839
2020-02-17,44.69594645595203,-122.2209148015804,0.4161603972249123
2020-02-17,44.716967033600426,-122.12874765342973,0.9016919324530025
2020-02-17,44.69001757507685,-122.20959602900048,1.461017907315827
2020-02-17,44.72397389281656,-122.1826465704769,0.8775293191668673
2020-02-17,44.712655120236654,-122.18911444052256,0.8483713977957278
2020-02-17,44.68301071586071,-122.19612129973868,0.9493877271769071
2020-02-17,44.70888219604336,-122.17456173291984,0.9064059726416132
2020-02-17,44.69756342346345,-122.22414873660324,0.45397675953383804
2020-02-17,44.72020096862326,-122.17995162462454,0.7845813865195772
2020-02-17,44.69971938014533,-122.1901924188635,0.22006188477680166
2020-02-17,44.70780421770241,-122.1880364621816,0.23841102344499815
2020-02-17,44.71966197945279,-122.16108700365804,0.8653706414468981
2020-02-17,44.70726522853194,-122.24085740088783,0.7025664024764369
2020-02-17,44.70780421770241,-122.17941263545409,1.9459101490553132
2020-02-17,44.7288247953508,-122.16216498199896,0.9470623905409088
2020-02-17,44.72020096862326,-122.13198158845256,0.8914226652961417
2020-02-17,44.70618725019099,-122.2419353792288,1.1810312350835293
2020-02-17,44.69163454258826,-122.25379314097916,1.9396795993046771
2020-02-17,44.69379049927014,-122.22522671494416,1.248485694393465
2020-02-17,44.715350066089016,-122.18426353798831,0.8170122928942094
2020-02-17,44.706726239361466,-122.19504332139776,0.8161604052741391
2020-02-17,44.704570282679576,-122.23708447669456,0.8845905407507754
2020-02-17,44.68462768337213,-122.19504332139776,1.113257859367697
2020-02-17,44.7137330985776,-122.17348375457888,0.7866613305625141
2020-02-17,44.69540746678156,-122.19935523476153,0.4813031844996689
2020-02-17,44.71912299028232,-122.15893104697616,1.0870514662670339
2020-02-17,44.72235692530514,-122.15461913361236,0.7435750952361896
2020-02-17,44.737987611248826,-122.1578530686352,0.8120893678472193
2020-02-17,44.69594645595203,-122.21821985572804,0.45079864940968556
2020-02-17,44.684088694201655,-122.1977382672501,1.1206927749491644
2020-02-17,44.70618725019099,-122.1826465704769,0.7034946490853698
2020-02-17,44.70187533682722,-122.22953862830794,1.7539477814849465
2020-02-17,44.70834320687288,-122.17995162462454,2.0149030205422647
2020-02-17,44.694329488440616,-122.19881624559105,5.049856007249537
2020-02-17,44.70133634765675,-122.18588050549972,1.5735059032080372
2020-02-17,44.70403129350911,-122.23654548752408,0.7924454015422258
2020-02-17,44.69918039097486,-122.24301335756974,0.8313743942185742
2020-02-17,44.72397389281656,-122.14976823107811,0.8021556644521727
2020-02-17,44.71858400111184,-122.1292866426002,0.972084662622975
2020-02-17,44.71804501194137,-122.12982563177069,0.8537994171015245
2020-02-17,44.725051871157504,-122.13791046932776,0.8812213898433499
2020-02-17,44.69971938014533,-122.23654548752408,0.7585385802140342
2020-02-17,44.71157714189571,-122.17941263545409,0.7937467159865912
2020-02-17,44.72451288198703,-122.18426353798831,0.955123359255611
2020-02-17,44.70942118521383,-122.24085740088783,0.8192619755294183
2020-02-17,44.702953315168166,-122.19881624559105,0.6500989269914316
2020-02-17,44.71157714189571,-122.18049061379502,0.7573558319930574
2020-02-17,44.7099601743843,-122.2360064983536,0.8079136226769031
2020-02-17,44.7175060227709,-122.24786426010398,0.9052929776646137
2020-02-17,44.71588905525949,-122.1880364621816,0.9165487630973647
2020-02-17,44.72720782783939,-122.15947003614662,0.8887931751618257
2020-02-17,44.72720782783939,-122.17078880872651,0.7560051859439735
2020-02-17,44.71103815272524,-122.18965342969304,0.664159643686693
2020-02-17,44.72828580618033,-122.16809386287416,0.727896720939903
2020-02-17,44.73637064373741,-122.15731407946473,0.9542099667364488
2020-02-17,44.69702443429298,-122.22037581240993,0.7478976953313536
2020-02-17,44.71157714189571,-122.18102960296548,0.7560794274352058
2020-02-17,44.69055656424732,-122.21013501817096,0.8168989578232362
2020-02-17,44.725051871157504,-122.17671768960172,0.9619012431262074
2020-02-17,44.72020096862326,-122.24570830342208,0.8568399175204067
2020-02-17,44.71588905525949,-122.1788736462836,0.7382468780797665
2020-02-17,44.69918039097486,-122.22792166079653,0.8242207749095107
2020-02-17,44.721278946964205,-122.18372454881784,0.8688907070564506
2020-02-17,44.71912299028232,-122.1540801444419,0.8754687373538999
2020-02-17,44.69109555341779,-122.20366714812528,0.537317239212967
2020-02-17,44.715350066089016,-122.1864194946702,0.9080375901174345
2020-02-17,44.737448622078354,-122.15623610112378,1.1655829147742933
2020-02-17,44.694329488440616,-122.21821985572804,0.4024844799700267
2020-02-17,44.71427208774807,-122.1578530686352,0.9698468363431172
2020-02-17,44.69702443429298,-122.19558231056824,0.28889492887699025
2020-02-17,44.714811076918544,-122.1670158845332,1.4718165345580527
2020-02-17,44.7137330985776,-122.1616259928285,0.6763400622435641
2020-02-17,44.69001757507685,-122.21444693153472,2.5416019934645457
2020-02-17,44.721278946964205,-122.15947003614662,0.8383291904044432
2020-02-17,44.68624465088354,-122.19935523476153,0.9906492991927017
2020-02-17,44.71966197945279,-122.1330595667935,0.9591982328854316
2020-02-17,44.716428044429954,-122.18372454881784,0.8200027617977659
2020-02-17,44.71912299028232,-122.17725667877218,1.5479715903334994
2020-02-17,44.72720782783939,-122.1465342960553,0.8142973847255064
2020-02-17,44.72451288198703,-122.17348375457888,0.7254440873751674
2020-02-17,44.72020096862326,-122.18480252715878,0.9399835480434611
2020-02-17,44.69702443429298,-122.21552490987568,0.8103880638582405
2020-02-17,44.714811076918544,-122.24301335756974,0.8109302162163288
2020-02-17,44.7099601743843,-122.17348375457888,1.1143606456362487
2020-02-17,44.69971938014533,-122.23115559581936,0.7494280164585349
2020-02-17,44.714811076918544,-122.1616259928285,0.837396789404492
2020-02-17,44.71966197945279,-122.17995162462454,0.7393694146650186
2020-02-17,44.710499163554765,-122.23870144420596,0.7821210639894967
2020-02-17,44.737987611248826,-122.15839205780568,0.7234525300552741
2020-02-17,44.69594645595203,-122.21390794236426,0.5729658007909015
2020-02-17,44.69325151009967,-122.20905703983,0.6434475120076728
2020-02-17,44.716967033600426,-122.18372454881784,0.8638071658319209
2020-02-17,44.71319410940713,-122.1864194946702,0.7770471226795664
2020-02-17,44.694329488440616,-122.22145379075086,0.6961820842550994
2020-02-17,44.70888219604336,-122.18049061379502,0.7610365021832015
2020-02-17,44.71966197945279,-122.24840324927445,0.8699248113162293
2020-02-17,44.7175060227709,-122.18102960296548,0.7424442299307348
2020-02-17,44.69109555341779,-122.21067400734142,0.8453772253678734
2020-02-17,44.70187533682722,-122.19666028890916,0.3104785005441647
2020-02-17,44.7099601743843,-122.1826465704769,0.7957394110680741
2020-02-17,44.70187533682722,-122.1977382672501,0.3270960409926576
2020-02-17,44.72451288198703,-122.15246317693048,0.7424656532738482
2020-02-17,44.696485445122505,-122.2209148015804,0.5655859549219264
2020-02-17,44.714811076918544,-122.1901924188635,0.8578901597101491
2020-02-17,44.722895914475615,-122.24840324927445,0.9752269974630563
2020-02-17,44.692173531758726,-122.20959602900048,0.9271177137654741
2020-02-17,44.71319410940713,-122.1637819495104,0.7177963158345994
2020-02-17,44.70403129350911,-122.18911444052256,0.2518929646001956
2020-02-17,44.722895914475615,-122.17671768960172,0.7955031871974728
2020-02-17,44.731519741203165,-122.1653989170218,0.8167611365271219
2020-02-17,44.69379049927014,-122.21929783406898,0.5867896558464505
2020-02-17,44.70942118521383,-122.17779566794266,1.2396908869280152
2020-02-17,44.7137330985776,-122.24463032508116,0.8873031950009029
2020-02-17,44.73690963290788,-122.15839205780568,0.8422703343413639
2020-02-17,44.72397389281656,-122.17995162462454,0.9290297576515848
2020-02-17,44.68624465088354,-122.19881624559105,1.071711932451412
2020-02-17,44.69864140180439,-122.2300776174784,0.6900015346820261
2020-02-17,44.69702443429298,-122.20420613729576,0.4828517717235845
2020-02-17,44.71319410940713,-122.19073140803395,0.8902419118930829
2020-02-17,44.70133634765675,-122.19073140803395,0.23612426278693086
2020-02-17,44.71103815272524,-122.18426353798831,0.8446463938994503
2020-02-17,44.69864140180439,-122.24301335756974,1.0432348191991558
2020-02-17,44.71157714189571,-122.17779566794266,0.8312255118400114
2020-02-17,44.69594645595203,-122.21229097485283,0.7168747417209002
2020-02-17,44.716428044429954,-122.15839205780568,0.8286926725561691
2020-02-17,44.70025836931581,-122.19073140803395,0.21905356606268467
2020-02-17,44.70618725019099,-122.23816245503548,0.7010523600670585
2020-02-17,44.68786161839496,-122.20420613729576,0.9367692632176958
2020-02-17,44.69864140180439,-122.20043321310249,0.29602041736893475
2020-02-17,44.702414325997694,-122.18534151632926,1.4825711915553104
2020-02-17,44.716428044429954,-122.24409133591068,0.8074579905055798
2020-02-17,44.72073995779373,-122.24678628176304,0.8507305365617472
2020-02-17,44.69594645595203,-122.23169458498982,1.4495382547799205
2020-02-17,44.735292665396464,-122.15839205780568,0.8275804762609665
2020-02-17,44.69540746678156,-122.20151119144342,0.324861075693535
2020-02-17,44.72181793613468,-122.1864194946702,0.9225212816247912
2020-02-17,44.71588905525949,-122.17186678706749,0.8146580863303432
2020-02-17,44.725051871157504,-122.15084620941909,0.7469949388383973
2020-02-17,44.69486847761109,-122.20851805065952,0.5725861383780501
2020-02-17,44.73259771954411,-122.16593790619228,1.0313069975375722
2020-02-17,44.73313670871458,-122.16054801448756,0.8120797737633153
2020-02-17,44.69864140180439,-122.1880364621816,4.071871706370042
2020-02-17,44.72397389281656,-122.15677509029426,0.8277115468811256
2020-02-17,44.72073995779373,-122.17833465711313,0.7653057343566125
2020-02-17,44.69594645595203,-122.24247436839926,1.1761473826328612
2020-02-17,44.71157714189571,-122.18480252715878,0.7544123763525474
2020-02-17,44.71319410940713,-122.18534151632926,0.8082989623710377
2020-02-17,44.715350066089016,-122.1885754513521,0.854691609412142
2020-02-17,44.7137330985776,-122.1670158845332,1.1986957472250923
2020-02-17,44.70079735848628,-122.2435523467402,0.748682732868909
2020-02-17,44.69810241263392,-122.21282996402331,0.8827680398355117
2020-02-17,44.71588905525949,-122.1616259928285,0.8383291904044432
2020-02-17,44.70133634765675,-122.22953862830794,0.8463994187773024
2020-02-17,44.72936378452128,-122.16432093868086,0.7181356633640755
2020-02-17,44.71157714189571,-122.23708447669456,1.8679940301288176
2020-02-17,44.692173531758726,-122.20528411563672,0.6870309535425092
2020-02-17,44.71858400111184,-122.15731407946473,0.8137911508317589
2020-02-17,44.69379049927014,-122.20474512646624,0.4920633473104677
2020-02-17,44.69702443429298,-122.19342635388634,0.6931471805599453
2020-02-17,44.725051871157504,-122.14922924190763,0.7796042095507258
2020-02-17,44.68786161839496,-122.20312815895484,0.8682223288331328
2020-02-17,44.7137330985776,-122.17186678706749,0.801237087010669
2020-02-17,44.7137330985776,-122.16863285204464,0.8782185099389705
2020-02-17,44.692173531758726,-122.2166028882166,0.9400072584914712
2020-02-17,44.7099601743843,-122.23654548752408,0.8003175177610972
2020-02-17,44.71912299028232,-122.17995162462454,0.7452023797462576
2020-02-17,44.70726522853194,-122.18534151632926,0.27388875031944504
2020-02-17,44.69864140180439,-122.21175198568235,0.914720872839035
2020-02-17,44.70403129350911,-122.18318555964736,6.135564891081739
2020-02-17,44.71912299028232,-122.15731407946473,0.7629394863360062
2020-02-17,44.69918039097486,-122.24463032508116,0.723843267717122
2020-02-17,44.727746817009866,-122.1675548737037,0.7301884522402944
2020-02-17,44.69702443429298,-122.25002021678588,2.3891995658308165
2020-02-17,44.69594645595203,-122.20474512646624,0.4581088415935864
2020-02-17,44.69594645595203,-122.19827725642058,0.3022808718729337
2020-02-17,44.6927125209292,-122.21821985572804,0.41763564372841955
2020-02-17,44.69756342346345,-122.20690108314813,0.5267564458381851
2020-02-17,44.71588905525949,-122.16054801448756,0.8440370921771988
2020-02-17,44.71157714189571,-122.1880364621816,0.4922067615627806
2020-02-17,44.68947858590637,-122.20151119144342,0.9527243586916178
2020-02-17,44.722895914475615,-122.1691718412151,1.8463986093014522
2020-02-17,44.70510927185005,-122.18965342969304,0.24151042818428525
2020-02-17,44.72181793613468,-122.18049061379502,0.7508734132809322
2020-02-17,44.69702443429298,-122.23331155250123,0.7150511957376849
2020-02-17,44.72720782783939,-122.17240577623794,0.8515995802892886
2020-02-17,44.70888219604336,-122.23654548752408,0.7882663566391169
2020-02-17,44.69971938014533,-122.22792166079653,0.8756818433749515
2020-02-17,44.702953315168166,-122.19342635388634,0.2911482804282672
2020-02-17,44.70187533682722,-122.19180938637491,0.2453345246226887
2020-02-17,44.7175060227709,-122.12982563177069,0.9571280226445348
2020-02-17,44.71427208774807,-122.17078880872651,0.7484513440352664
2020-02-17,44.68786161839496,-122.19881624559105,0.8709844249065714
2020-02-17,44.714811076918544,-122.16270397116944,0.9963334395476914
2020-02-17,44.704570282679576,-122.1901924188635,0.26940002761433185
2020-02-17,44.69918039097486,-122.199894223932,0.3591410364339258
2020-02-17,44.71211613106618,-122.18534151632926,0.5344572282992678
2020-02-17,44.71319410940713,-122.17995162462454,0.7939556051658978
2020-02-17,44.72451288198703,-122.16216498199896,0.9454027853809152
2020-02-17,44.702953315168166,-122.19612129973868,0.3390314190800345
2020-02-17,44.7175060227709,-122.18749747301116,0.8995539395186313
2020-02-17,44.696485445122505,-122.19450433222728,2.3513752571634776
2020-02-17,44.69540746678156,-122.22145379075086,0.5290371608299286
2020-02-17,44.722895914475615,-122.14922924190763,0.8766622922996502
2020-02-17,44.68732262922448,-122.20366714812528,0.9218480169390213
2020-02-17,44.70403129350911,-122.24139639005833,1.372878010811662
2020-02-17,44.72720782783939,-122.15839205780568,0.9111353819674305
2020-02-17,44.716428044429954,-122.15623610112378,1.0078058407099282
2020-02-17,44.70079735848628,-122.2451693142516,1.5365765641692286
2020-02-17,44.70025836931581,-122.19881624559105,0.3184537311185346
2020-02-17,44.706726239361466,-122.18210758130644,0.8542152147578078
2020-02-17,44.72181793613468,-122.17617870043124,0.7635466119616776
2020-02-17,44.68947858590637,-122.20797906148908,3.4372078191851885
2020-02-17,44.73475367622599,-122.16324296033991,0.974297551148511
2020-02-17,44.69163454258826,-122.2149859207052,0.8503971756292231
2020-02-17,44.69594645595203,-122.22576570411464,0.8375135173534644
2020-02-17,44.725051871157504,-122.14222238269151,1.1687441124421922
2020-02-17,44.70187533682722,-122.20043321310249,0.7887215960640502
2020-02-17,44.69810241263392,-122.24570830342208,0.7442531914934417
2020-02-17,44.72020096862326,-122.2473252709335,0.6357410580241549
2020-02-17,44.72720782783939,-122.14383935020294,0.8206243242446702
2020-02-17,44.68085475917882,-122.19504332139776,0.9664668976514643
2020-02-17,44.69055656424732,-122.20959602900048,0.7881085959100903
2020-02-17,44.6889395967359,-122.20636209397766,3.5648268054439574
2020-02-17,44.71588905525949,-122.1653989170218,0.9694005571881036
2020-02-17,44.714811076918544,-122.1885754513521,0.8488919481097391
2020-02-17,44.70510927185005,-122.1939653430568,0.3281468603241943
2020-02-17,44.706726239361466,-122.17779566794266,1.3528464270523506
2020-02-17,44.70618725019099,-122.1923483755454,0.2912987129219694
2020-02-17,44.71858400111184,-122.18911444052256,1.272389593679068
2020-02-17,44.69594645595203,-122.22899963913748,0.8472978603872034
2020-02-17,44.73259771954411,-122.16108700365804,0.8268353990296887
2020-02-17,44.69918039097486,-122.20097220227294,0.3302416868705768
2020-02-17,44.69540746678156,-122.2209148015804,0.803447551693657
2020-02-17,44.714811076918544,-122.15731407946473,0.9738145760123416
2020-02-17,44.712655120236654,-122.2419353792288,0.8419023203636057
2020-02-17,44.68678364005401,-122.19881624559105,0.9745245035809877
2020-02-17,44.69594645595203,-122.19612129973868,0.6931471805599453
2020-02-17,44.7175060227709,-122.1670158845332,1.7376085764520617
2020-02-17,44.69702443429298,-122.22953862830794,0.6445327478732606
2020-02-17,44.70133634765675,-122.23924043337642,0.8359904664901707
2020-02-17,44.70403129350911,-122.19073140803395,0.24427786338818355
2020-02-17,44.70133634765675,-122.18965342969304,0.2189681799037292
2020-02-17,44.737448622078354,-122.16054801448756,1.2051673097436986
2020-02-17,44.70510927185005,-122.23492852001266,0.7829289601473336
2020-02-17,44.715350066089016,-122.18049061379502,0.7422169401295995
2020-02-17,44.702414325997694,-122.19504332139776,0.30147539458411676
2020-02-17,44.696485445122505,-122.21714187738708,0.6203348250849777
2020-02-17,44.70726522853194,-122.19127039720443,0.26602057567060156
2020-02-17,44.702414325997694,-122.23061660664888,1.4858860566967145
2020-02-17,44.72397389281656,-122.15515812278284,0.780149718590981
2020-02-17,44.727746817009866,-122.16485992785134,0.8111402340686182
2020-02-17,44.7099601743843,-122.18426353798831,0.6516739323533702
2020-02-17,44.702414325997694,-122.23546750918312,0.789959591902024
2020-02-17,44.69810241263392,-122.1923483755454,0.6931471805599453
2020-02-17,44.7175060227709,-122.12766967508878,0.9761888734552241
2020-02-17,44.69756342346345,-122.199894223932,0.27763173659827955
2020-02-17,44.72397389281656,-122.18372454881784,0.9087901451987116
2020-02-17,44.71319410940713,-122.1885754513521,0.8356030473913393
2020-02-17,44.702953315168166,-122.24139639005833,0.9849178731677868
2020-02-17,44.72451288198703,-122.14114440435058,2.1400661634962708
2020-02-17,44.70888219604336,-122.18426353798831,0.4622179247006138
2020-02-17,44.716967033600426,-122.24247436839926,0.9260910364724472
2020-02-17,44.69702443429298,-122.2074400723186,0.5345421503833067
2020-02-17,44.69163454258826,-122.20312815895484,0.6293574426846152
2020-02-17,44.71966197945279,-122.24463032508116,0.9290798879904764
2020-02-17,44.72235692530514,-122.18049061379502,0.8853604311827964
2020-02-17,44.72936378452128,-122.15947003614662,0.9880189646760124
2020-02-17,44.72235692530514,-122.15246317693048,0.7944941594959042
2020-02-17,44.69055656424732,-122.21282996402331,0.8504424237781808
2020-02-17,44.69810241263392,-122.20366714812528,0.4651843428097867
2020-02-17,44.72020096862326,-122.17563971126076,1.8514318007144532
2020-02-17,44.696485445122505,-122.21983682323943,0.9059368861434132
2020-02-17,44.71588905525949,-122.15677509029426,0.9309968792638506
2020-02-17,44.69756342346345,-122.19719927807964,0.2740426793584622
2020-02-17,44.69702443429298,-122.21821985572804,0.8375495024916062
2020-02-17,44.7175060227709,-122.12551371840688,0.7853591739925235
2020-02-17,44.737987611248826,-122.15677509029426,0.8784638725019925
2020-02-17,44.71858400111184,-122.2494812276154,0.891439753617129
2020-02-17,44.70834320687288,-122.24085740088783,0.8248618987778027
2020-02-17,44.725051871157504,-122.1465342960553,1.149164567830941
2020-02-17,44.70942118521383,-122.17995162462454,0.7614967583611549
2020-02-17,44.72720782783939,-122.17510072209028,0.9795177774139155
2020-02-17,44.71804501194137,-122.24247436839926,1.1467964289416532
2020-02-17,44.69594645595203,-122.21714187738708,0.5108256237659906
2020-02-17,44.71804501194137,-122.1540801444419,1.0082282271998406
2020-02-17,44.714811076918544,-122.24570830342208,0.6466271649250525
2020-02-17,44.69702443429298,-122.24786426010398,0.9619556811893146
2020-02-17,44.722895914475615,-122.17617870043124,0.7345758088169334
2020-02-17,44.69594645595203,-122.24840324927445,1.0773097079642415
2020-02-17,44.69971938014533,-122.23331155250123,0.7156016859362674
2020-02-17,44.692173531758726,-122.21444693153472,0.8862315648927085
2020-02-17,44.72397389281656,-122.16809386287416,1.2476478678285976
2020-02-17,44.702414325997694,-122.19935523476153,0.7305735860790623
2020-02-17,44.71157714189571,-122.18965342969304,0.7525194540599143
2020-02-17,44.69594645595203,-122.19935523476153,0.27443684570176036
2020-02-17,44.70726522853194,-122.19504332139776,0.8307448801761862
2020-02-17,44.70564826102052,-122.1923483755454,0.26057375369370284
2020-02-17,44.73259771954411,-122.16432093868086,0.8375884496298323
2020-02-17,44.70349230433864,-122.19666028890916,0.3763085238167088
2020-02-17,44.714811076918544,-122.2419353792288,0.8174087210595318
2020-02-17,44.70025836931581,-122.23331155250123,0.7376715858738011
2020-02-17,44.71966197945279,-122.15623610112378,0.7863039437518068
2020-02-17,44.716967033600426,-122.12713068591832,0.9886498320769145
2020-02-17,44.6927125209292,-122.21390794236426,0.9681031394847944
2020-02-17,44.710499163554765,-122.18965342969304,0.3541718137206139
2020-02-17,44.68354970503118,-122.19342635388634,1.1401078694481797
2020-02-17,44.71858400111184,-122.1788736462836,0.7467939334222268
2020-02-17,44.696485445122505,-122.20528411563672,0.49578774640145007
2020-02-17,44.706726239361466,-122.23708447669456,0.7384769063127238
2020-02-17,44.67977678083789,-122.19127039720443,1.0872207903820141
2020-02-17,44.69109555341779,-122.21444693153472,0.8175729450422111
2020-02-17,44.71588905525949,-122.16432093868086,0.9409833444645266
2020-02-17,44.68462768337213,-122.19827725642058,0.9779496033551599
2020-02-17,44.69540746678156,-122.20582310480718,0.45251047179821846
2020-02-17,44.72397389281656,-122.17024981955603,0.861769892995738
2020-02-17,44.727746817009866,-122.1653989170218,0.7610833883638485
2020-02-17,44.72990277369175,-122.1653989170218,0.7243270105589886
2020-02-17,44.69702443429298,-122.24570830342208,0.9959124952230548
2020-02-17,44.71427208774807,-122.16593790619228,0.9858167945227652
2020-02-17,44.71858400111184,-122.15839205780568,1.0726368022648491
2020-02-17,44.704570282679576,-122.23546750918312,0.7860535620220872
2020-02-17,44.69055656424732,-122.20258916978436,0.9162907318741551
2020-02-17,44.67815981332647,-122.19342635388634,2.161444649902802
2020-02-17,44.72343490364609,-122.1670158845332,1.3431221892546819
2020-02-17,44.714811076918544,-122.18318555964736,0.8101612811534515
2020-02-17,44.70888219604336,-122.19558231056824,1.5976034547870976
2020-02-17,44.712655120236654,-122.24085740088783,0.8348472185084157
2020-02-17,44.72073995779373,-122.15947003614662,0.9466813655791644
2020-02-17,44.68570566171307,-122.1977382672501,1.053331584134953
2020-02-17,44.714811076918544,-122.17779566794266,0.8519270861383061
2020-02-17,44.6889395967359,-122.20528411563672,0.9524703884516574
2020-02-17,44.69109555341779,-122.21013501817096,0.8405620138227
2020-02-17,44.72666883866892,-122.17510072209028,0.8812903997341184
2020-02-17,44.72235692530514,-122.15893104697616,0.8544794122344004
2020-02-17,44.71588905525949,-122.17456173291984,2.1402309217139597
2020-02-17,44.72828580618033,-122.1465342960553,0.8796199563541465
2020-02-17,44.72343490364609,-122.1729447654084,0.7274149921799795
2020-02-17,44.69486847761109,-122.22522671494416,0.6292957085734125
2020-02-17,44.72720782783939,-122.16054801448756,0.895088524223552
2020-02-17,44.721278946964205,-122.15084620941909,0.8013210006065671
2020-02-17,44.72181793613468,-122.17563971126076,0.7684691870985443
2020-02-17,44.72181793613468,-122.18102960296548,0.7989613138259128
2020-02-17,44.68840060756543,-122.20312815895484,0.8572444982122549
2020-02-17,44.70187533682722,-122.24301335756974,2.0291066627854883
2020-02-17,44.70780421770241,-122.17725667877218,1.5404450409471488
2020-02-17,44.721278946964205,-122.18534151632926,0.83502403383973
2020-02-17,44.69379049927014,-122.25163718429728,1.9459101490553132
2020-02-17,44.7288247953508,-122.16593790619228,0.7265835920660119
2020-02-17,44.70564826102052,-122.24031841171735,0.7127941779437418
2020-02-17,44.69486847761109,-122.25055920595634,2.151762203259462
2020-02-17,44.69810241263392,-122.18965342969304,1.34223437132586
2020-02-17,44.70564826102052,-122.19504332139776,0.3869460603409268
2020-02-17,44.70079735848628,-122.22899963913748,0.8948287502254683
2020-02-17,44.70834320687288,-122.17779566794266,1.3121863889661687
2020-02-17,44.72666883866892,-122.1653989170218,0.8048233270081493
2020-02-17,44.70025836931581,-122.199894223932,0.41985384556026406
2020-02-17,44.716428044429954,-122.16593790619228,1.0775588794702773
2020-02-17,44.70834320687288,-122.1901924188635,0.2559333741372007
2020-02-17,44.725051871157504,-122.17240577623794,0.7313961151306749
2020-02-17,44.725051871157504,-122.15192418776002,0.744214152928658
2020-02-17,44.704570282679576,-122.23277256333076,0.9466582684905513
2020-02-17,44.69918039097486,-122.23546750918312,0.6612891268950455
2020-02-17,44.70349230433864,-122.1939653430568,0.3184537311185346
2020-02-17,44.725051871157504,-122.17456173291984,0.8503144539266292
2020-02-17,44.721278946964205,-122.1330595667935,1.001448540214462
2020-02-17,44.72343490364609,-122.18102960296548,0.9104102836972597
2020-02-17,44.69918039097486,-122.19719927807964,0.27215937271127194
2020-02-17,44.69702443429298,-122.22684368245558,0.8454970315194767
2020-02-17,44.71103815272524,-122.23870144420596,0.8038822065584637
2020-02-17,44.70834320687288,-122.2360064983536,0.7860502005213318
2020-02-17,44.70133634765675,-122.19288736471586,0.25394393281993083
2020-02-17,44.69540746678156,-122.22738267162605,0.8211867163835178
2020-02-17,44.69379049927014,-122.20420613729576,0.4429614205704135
2020-02-17,44.70780421770241,-122.23385054167171,0.868382790964414
2020-02-17,44.71211613106618,-122.16971083038558,2.1559816188021705
2020-02-17,44.684088694201655,-122.19342635388634,1.3518145785631404
2020-02-17,44.694329488440616,-122.20528411563672,0.49375771525384266
2020-02-17,44.70564826102052,-122.23816245503548,0.7076644651086644
2020-02-17,44.69756342346345,-122.24894223844493,1.1298483779027422
2020-02-17,44.69702443429298,-122.19719927807964,0.2668352108122581
2020-02-17,44.712655120236654,-122.18049061379502,0.772364635452996
2020-02-17,44.69163454258826,-122.2112129965119,0.8733344628927429
2020-02-17,44.70888219604336,-122.17186678706749,0.8496919242551195
2020-02-17,44.725590860327976,-122.16485992785134,0.8907239509021482
2020-02-17,44.72343490364609,-122.14976823107811,0.8372188552199002
2020-02-17,44.69486847761109,-122.21067400734142,0.5888510609579056
2020-02-17,44.706726239361466,-122.17617870043124,3.955082494888593
2020-02-17,44.712655120236654,-122.16485992785134,0.9675840262617057
2020-02-17,44.72343490364609,-122.17941263545409,0.951895255539024
2020-02-17,44.71588905525949,-122.15893104697616,0.9044562742271522
2020-02-17,44.71804501194137,-122.13144259928208,0.9706848039399538
2020-02-17,44.69971938014533,-122.22953862830794,0.8226594220253315
2020-02-17,44.70025836931581,-122.23708447669456,0.8009890870691571
2020-02-17,44.716428044429954,-122.17833465711313,0.7415984713261561
2020-02-17,44.71211613106618,-122.19127039720443,0.9201051039496257
2020-02-17,44.70349230433864,-122.19827725642058,0.7876441318022385
2020-02-17,44.712655120236654,-122.16324296033991,0.7582864827309068
2020-02-17,44.714811076918544,-122.18210758130644,0.7867427334345777
2020-02-17,44.71211613106618,-122.17402274374936,1.0116009116784799
2020-02-17,44.696485445122505,-122.24247436839926,1.0080320756917873
2020-02-17,44.67977678083789,-122.19073140803395,1.4839910412897954
2020-02-17,44.70780421770241,-122.1729447654084,1.004483443909616
2020-02-17,44.72828580618033,-122.1578530686352,0.9432653943647475
2020-02-17,44.72720782783939,-122.14491732854388,0.9042329186814222
2020-02-17,44.71804501194137,-122.24624729259256,0.6273958029971648
2020-02-17,44.712655120236654,-122.17186678706749,1.0846260466933697
2020-02-17,44.71319410940713,-122.1880364621816,0.8214304508501948
2020-02-17,44.69594645595203,-122.2300776174784,1.3213659004180103
2020-02-17,44.70564826102052,-122.1977382672501,1.3238732547961738
2020-02-17,44.733675697885054,-122.16054801448756,0.8198448336059029
2020-02-17,44.69810241263392,-122.22899963913748,0.6776315386797754
2020-02-17,44.69918039097486,-122.19612129973868,0.27480886951557476
2020-02-17,44.71588905525949,-122.1578530686352,0.7137193346351536
2020-02-17,44.7099601743843,-122.23546750918312,0.8983004148395762
2020-02-17,44.70618725019099,-122.18156859213596,0.9004409696632778
2020-02-17,44.70403129350911,-122.18534151632926,0.2832864609787428
2020-02-17,44.725590860327976,-122.17078880872651,0.733247812097272
2020-02-17,44.704570282679576,-122.19180938637491,0.2638145910451375
2020-02-17,44.68462768337213,-122.19719927807964,1.1510142306193243
2020-02-17,44.72397389281656,-122.15354115527144,0.7525526583718946
2020-02-17,44.70780421770241,-122.19666028890916,1.2505382734732569
2020-02-17,44.70888219604336,-122.1880364621816,0.27625337662815813
2020-02-17,44.72451288198703,-122.18588050549972,1.4428243240705465
2020-02-17,44.72235692530514,-122.15192418776002,0.8174713470160071
2020-02-17,44.72181793613468,-122.17348375457888,1.6791712504487755
2020-02-17,44.72612984949845,-122.13952743683916,0.8350890516930644
2020-02-17,44.69918039097486,-122.2322335741603,0.7109629354114373
2020-02-17,44.68247172669024,-122.19342635388634,1.0025610936390656
2020-02-17,44.70780421770241,-122.18534151632926,0.28429797446754035
2020-02-17,44.7137330985776,-122.19127039720443,0.8645807418767137
2020-02-17,44.69864140180439,-122.20205018061388,0.4214654494546055
2020-02-17,44.721278946964205,-122.17833465711313,0.7555211070764524
2020-02-17,44.70510927185005,-122.19558231056824,0.39292575885542913
2020-02-17,44.70834320687288,-122.17186678706749,1.2192402764567245
2020-02-17,44.69971938014533,-122.24247436839926,0.8491696438068844
2020-02-17,44.71588905525949,-122.18102960296548,0.7413055928604917
2020-02-17,44.70726522853194,-122.19450433222728,0.49278680317631224
2020-02-17,44.72073995779373,-122.2473252709335,0.7483247419859328
2020-02-17,44.714811076918544,-122.16647689536276,1.4718165345580527
2020-02-17,44.725051871157504,-122.18480252715878,1.197998883085393
2020-02-17,44.70025836931581,-122.19127039720443,0.22412828797674927
2020-02-17,44.69918039097486,-122.2419353792288,1.2313717785140506
2020-02-17,44.72397389281656,-122.1691718412151,1.3570239788197773
2020-02-17,44.69109555341779,-122.2074400723186,0.8968961845673151
2020-02-17,44.72073995779373,-122.15084620941909,0.8389316698572635
2020-02-17,44.71912299028232,-122.2473252709335,0.7451319354383242
2020-02-17,44.72720782783939,-122.16270397116944,0.9050774448714021
2020-02-17,44.68570566171307,-122.19935523476153,0.9047423290562779
2020-02-17,44.72612984949845,-122.16485992785134,0.8761637679135771
2020-02-17,44.69702443429298,-122.24894223844493,0.9504581551354276
2020-02-17,44.69055656424732,-122.20151119144342,1.8929094523495378
2020-02-17,44.70510927185005,-122.1826465704769,0.8504610549729641
2020-02-17,44.70133634765675,-122.20474512646624,2.9605984358320447
2020-02-17,44.681393748349294,-122.1939653430568,0.8965514940109782
2020-02-17,44.71211613106618,-122.2419353792288,0.8625170724282725
2020-02-17,44.722895914475615,-122.16971083038558,1.6650077635889111
2020-02-17,44.70079735848628,-122.20205018061388,0.5347411751625487
2020-02-17,44.721278946964205,-122.1826465704769,0.8580381668239851
2020-02-17,44.710499163554765,-122.17348375457888,1.349926716949016
2020-02-17,44.69379049927014,-122.21390794236426,0.7875306375866208
2020-02-17,44.725051871157504,-122.1637819495104,0.9104767620087352
2020-02-17,44.70834320687288,-122.17563971126076,0.8952925850343816
2020-02-17,44.72020096862326,-122.15192418776002,0.8581087764914193
2020-02-17,44.725590860327976,-122.15084620941909,0.8563094674154221
2020-02-17,44.69971938014533,-122.19342635388634,0.23841102344499815
2020-02-17,44.70726522853194,-122.23654548752408,0.7611674348820893
2020-02-17,44.737987611248826,-122.15947003614662,0.7699111967717834
2020-02-17,44.70349230433864,-122.1923483755454,0.2591087000077249
2020-02-17,44.715350066089016,-122.16054801448756,0.8144684092775365
2020-02-17,44.7137330985776,-122.19180938637491,0.8462751039697459
2020-02-17,44.714811076918544,-122.17833465711313,0.785177720113914
2020-02-17,44.714811076918544,-122.18426353798831,0.856786925910213
2020-02-17,44.72720782783939,-122.16324296033991,0.895150475657292
2020-02-17,44.70780421770241,-122.23708447669456,0.7759011415888578
2020-02-17,44.69163454258826,-122.21390794236426,0.8381484315784014
2020-02-17,44.69325151009967,-122.25217617346776,3.367295829986474
2020-02-17,44.69971938014533,-122.24624729259256,0.8126429453232166
2020-02-17,44.72666883866892,-122.17617870043124,0.8730619973233349
2020-02-17,44.727746817009866,-122.15731407946473,0.9157380930095789
2020-02-17,44.6851666725426,-122.19881624559105,0.9009120394715038
2020-02-17,44.725051871157504,-122.1503072202486,0.7650733222996645
2020-02-17,44.72828580618033,-122.17348375457888,0.8885881293248193
2020-02-17,44.71319410940713,-122.2435523467402,0.8448667408753842
2020-02-17,44.70726522853194,-122.17995162462454,1.0986122886681098
2020-02-17,44.71858400111184,-122.18426353798831,0.8426673979729777
2020-02-17,44.71211613106618,-122.17725667877218,0.8259523327669807
2020-02-17,44.69540746678156,-122.2112129965119,0.6643522786120005
2020-02-17,44.72343490364609,-122.16863285204464,1.6474171604993166
2020-02-17,44.704570282679576,-122.1885754513521,0.22815609313775395
2020-02-17,44.7288247953508,-122.15947003614662,0.8842024173226545
2020-02-17,44.71858400111184,-122.17833465711313,0.7529135910811382
2020-02-17,44.70618725019099,-122.19450433222728,0.37525132951166773
2020-02-17,44.69540746678156,-122.22037581240993,0.8538125414083975
2020-02-17,44.72343490364609,-122.17186678706749,0.7525706010307459
2020-02-17,44.69918039097486,-122.23061660664888,0.6899161599784989
2020-02-17,44.692173531758726,-122.21013501817096,0.9464920663912333
2020-02-17,44.72020096862326,-122.15839205780568,1.1927995037278107
2020-02-17,44.68840060756543,-122.20528411563672,2.6282171150623936
2020-02-17,44.725590860327976,-122.1670158845332,0.7275532758222555
2020-02-17,44.69001757507685,-122.20474512646624,0.9465719299886276
2020-02-17,44.715350066089016,-122.16593790619228,1.0704414117014134
2020-02-17,44.69756342346345,-122.22037581240993,1.3899685844817748
2020-02-17,44.73205873037364,-122.16647689536276,1.0285324605524016
2020-02-17,44.716428044429954,-122.16809386287416,1.3936204012119635
2020-02-17,44.727746817009866,-122.17024981955603,0.7319357706204173
2020-02-17,44.72073995779373,-122.15569711195332,0.7998002012445996
2020-02-17,44.702953315168166,-122.1923483755454,0.25547893195714616
2020-02-17,44.71858400111184,-122.17995162462454,0.7489205749331639
2020-02-17,44.694329488440616,-122.21013501817096,0.6131044728864089
2020-02-17,44.72343490364609,-122.18318555964736,0.889082343851183
2020-02-17,44.725051871157504,-122.1788736462836,0.9207750443214838
2020-02-17,44.70618725019099,-122.19666028890916,0.8547130899818933
2020-02-17,44.71427208774807,-122.17995162462454,0.7817355961984542
2020-02-17,44.725051871157504,-122.17078880872651,0.7311561683083102
2020-02-17,44.72666883866892,-122.14491732854388,0.9016000164641516
2020-02-17,44.69864140180439,-122.19342635388634,0.24795872043393366
2020-02-17,44.70025836931581,-122.1880364621816,0.9918443132424036
2020-02-17,44.72181793613468,-122.1788736462836,0.8691089758379221
2020-02-17,44.69864140180439,-122.2451693142516,0.7423212955883847
2020-02-17,44.71211613106618,-122.18210758130644,0.8099800973800084
2020-02-17,44.716428044429954,-122.12713068591832,0.9141494034328119
2020-02-17,44.727746817009866,-122.15839205780568,0.8996583318250131
2020-02-17,44.712655120236654,-122.1880364621816,0.7388863588219539
2020-02-17,44.71103815272524,-122.171327797897,1.3254527018636455
2020-02-17,44.6927125209292,-122.2133689531938,0.9356041550067904
2020-02-17,44.70834320687288,-122.18318555964736,0.7737362616933243
2020-02-17,44.721278946964205,-122.17510072209028,2.0476928433652555
2020-02-17,44.70564826102052,-122.18049061379502,2.8622008809294686
2020-02-17,44.725590860327976,-122.1600090253171,0.9033482408727904
2020-02-17,44.73421468705553,-122.16324296033991,0.8998908115712623
2020-02-17,44.710499163554765,-122.18480252715878,0.6973541703575747
2020-02-17,44.727746817009866,-122.1503072202486,0.8706749435633242
2020-02-17,44.6927125209292,-122.20312815895484,0.8348834572388217
2020-02-17,44.722895914475615,-122.18210758130644,0.8417507653147458
2020-02-17,44.714811076918544,-122.17563971126076,0.7774667658838635
2020-02-17,44.69756342346345,-122.22576570411464,0.8102340797454732
2020-02-17,44.7288247953508,-122.1616259928285,0.9710252529151053
2020-02-17,44.70079735848628,-122.18749747301116,1.0269203602119934
2020-02-17,44.73044176286222,-122.16485992785134,0.7159634286667784
2020-02-17,44.71211613106618,-122.1691718412151,2.373018368042966
2020-02-17,44.702414325997694,-122.24139639005833,0.8859916151542915
2020-02-17,44.70349230433864,-122.18911444052256,0.24583496251628056
2020-02-17,44.6927125209292,-122.25433213014963,1.983160741722406
2020-02-17,44.70133634765675,-122.20043321310249,0.5171690976881657
2020-02-17,44.714811076918544,-122.15947003614662,0.8763006841572926
2020-02-17,44.72451288198703,-122.17995162462454,0.9183849734772698
2020-02-17,44.716967033600426,-122.18318555964736,0.8274302959177161
2020-02-17,44.7099601743843,-122.17510072209028,0.879249460193806
2020-02-17,44.7175060227709,-122.18588050549972,0.9405744858557645
2020-02-17,44.6927125209292,-122.2112129965119,0.9285377054841284
2020-02-17,44.72343490364609,-122.16593790619228,1.382955459854376
2020-02-17,44.72612984949845,-122.1729447654084,0.8492071688431239
2020-02-17,44.67869880249694,-122.19450433222728,0.9940744797617469
2020-02-17,44.72020096862326,-122.18210758130644,0.856738058298494
2020-02-17,44.721278946964205,-122.17456173291984,2.164963715117998
2020-02-17,44.72235692530514,-122.1352155234754,1.5338610718607968
2020-02-17,44.72235692530514,-122.13252057762304,1.2315654794840982
2020-02-17,44.692173531758726,-122.20474512646624,0.5678871336860999
2020-02-17,44.71103815272524,-122.1901924188635,0.8050121488910993
2020-02-17,44.706726239361466,-122.1788736462836,2.0794415416798357
2020-02-17,44.704570282679576,-122.19450433222728,0.30802175668890364
2020-02-17,44.71157714189571,-122.1923483755454,0.8841367776973018
2020-02-17,44.71427208774807,-122.17402274374936,0.7268860211731343
2020-02-17,44.70403129350911,-122.19127039720443,0.25394393281993083
2020-02-17,44.712655120236654,-122.1637819495104,0.7497994959023259
2020-02-17,44.675464867474105,-122.19612129973868,1.0280435985039473
2020-02-17,44.71858400111184,-122.18049061379502,0.749247060569245
2020-02-17,44.725051871157504,-122.15461913361236,0.8938178760220965
2020-02-17,44.70403129350911,-122.1939653430568,0.3056197731384483
2020-02-17,44.71804501194137,-122.16270397116944,0.9192713600122929
2020-02-17,44.69918039097486,-122.22630469328512,0.9045946921109638
2020-02-17,44.71319410940713,-122.16809386287416,1.0577902941478545
2020-02-17,44.72235692530514,-122.15084620941909,0.8221222472542288
2020-02-17,44.69486847761109,-122.2187588448985,0.6327840308328547
2020-02-17,44.72451288198703,-122.17186678706749,0.7350740529946707
2020-02-17,44.71858400111184,-122.24786426010398,0.8703935751818529
2020-02-17,44.702953315168166,-122.23708447669456,0.7933202287962567
2020-02-17,44.70025836931581,-122.1885754513521,1.3862943611198906
2020-02-17,44.714811076918544,-122.18480252715878,0.87701750093046
2020-02-17,44.70888219604336,-122.24031841171735,0.8489094642815451
2020-02-17,44.72612984949845,-122.16108700365804,0.9280417484096738
2020-02-17,44.67977678083789,-122.19450433222728,0.8856024030687053
2020-02-17,44.715350066089016,-122.18102960296548,0.7494365997719299
2020-02-17,44.69918039097486,-122.2074400723186,0.5971831922982016
2020-02-17,44.702953315168166,-122.2322335741603,1.0556718814340806
2020-02-17,44.68031577000835,-122.19342635388634,0.9252250606079209
2020-02-17,44.69756342346345,-122.24840324927445,0.967408352111705
2020-02-17,44.69109555341779,-122.2166028882166,1.5218398531161144
2020-02-17,44.712655120236654,-122.17941263545409,0.7763321987477295
2020-02-17,44.694329488440616,-122.20097220227294,0.842359578746621
2020-02-17,44.69055656424732,-122.20690108314813,0.8368599257035723
2020-02-17,44.70726522853194,-122.18049061379502,1.0986122886681098
2020-02-17,44.70564826102052,-122.19127039720443,0.2612699729120036
2020-02-17,44.725590860327976,-122.1481512635667,0.8531949062810833
2020-02-17,44.702414325997694,-122.19127039720443,0.248072934356735
2020-02-17,44.710499163554765,-122.1923483755454,0.8385994241582835
2020-02-17,44.71588905525949,-122.19073140803395,0.8420249087221622
2020-02-17,44.70834320687288,-122.19288736471586,0.7389847187754117
2020-02-17,44.70187533682722,-122.1880364621816,0.22800974096538265
2020-02-17,44.72020096862326,-122.18588050549972,0.9249346738137957
2020-02-17,44.704570282679576,-122.19666028890916,0.41139984362797893
2020-02-17,44.70025836931581,-122.23816245503548,0.8010361425711304
2020-02-17,44.70564826102052,-122.1901924188635,0.2571732999005212
2020-02-17,44.69325151009967,-122.20366714812528,0.46616485293856996
2020-02-17,44.70942118521383,-122.1885754513521,0.3068160270383249
2020-02-17,44.70618725019099,-122.18534151632926,0.2523771276370281
2020-02-17,44.69540746678156,-122.2419353792288,1.623043564489879
2020-02-17,44.71912299028232,-122.15677509029426,0.7592505359310535
2020-02-17,44.69379049927014,-122.2209148015804,0.3629054936893685
2020-02-17,44.68732262922448,-122.20258916978436,0.8832508777959549
2020-02-17,44.712655120236654,-122.17348375457888,1.0622446444972349
2020-02-17,44.722895914475615,-122.17779566794266,0.8619976495074929
2020-02-17,44.6927125209292,-122.20151119144342,1.2335316065674804
2020-02-17,44.721278946964205,-122.17941263545409,0.7621141818377346
2020-02-17,44.710499163554765,-122.18102960296548,0.7793689360263947
2020-02-17,44.69864140180439,-122.19881624559105,0.29022984453057965
2020-02-17,44.704570282679576,-122.1826465704769,2.8903717578961645
2020-02-17,44.69594645595203,-122.20851805065952,0.5199885366875103
2020-02-17,44.67708183498552,-122.19558231056824,1.791759469228055
2020-02-17,44.72073995779373,-122.25002021678588,0.9449665318508214
2020-02-17,44.716428044429954,-122.24247436839926,0.9657060914375054
2020-02-17,44.69810241263392,-122.22522671494416,0.802254021177393
2020-02-17,44.69379049927014,-122.20097220227294,1.021262822590217
2020-02-17,44.70349230433864,-122.23654548752408,0.769674278170439
2020-02-17,44.69325151009967,-122.22145379075086,1.5956173568154681
2020-02-17,44.69702443429298,-122.19127039720443,2.8134107167600364
2020-02-17,44.70403129350911,-122.19666028890916,0.39390428570708846
2020-02-17,44.712655120236654,-122.1864194946702,0.7754182554329738
2020-02-17,44.72612984949845,-122.1653989170218,0.869876924088122
2020-02-17,44.70780421770241,-122.16971083038558,2.930304468231536
2020-02-17,44.7099601743843,-122.24085740088783,0.8070655975561294
2020-02-17,44.70564826102052,-122.1826465704769,0.6931471805599453
2020-02-17,44.69810241263392,-122.20474512646624,0.5073412996833798
2020-02-17,44.715350066089016,-122.15731407946473,0.9229038877658722
2020-02-17,44.716967033600426,-122.1637819495104,1.4663370687934272
2020-02-17,44.72235692530514,-122.17941263545409,0.8776795326985367
2020-02-17,44.710499163554765,-122.1901924188635,0.3508609740733126
2020-02-17,44.72612984949845,-122.1481512635667,0.8377284093710529
2020-02-17,44.706726239361466,-122.1864194946702,0.2397536058798301
2020-02-17,44.70079735848628,-122.19073140803395,0.22212780719437428
2020-02-17,44.72720782783939,-122.16485992785134,0.8583324551109128
2020-02-17,44.72612984949845,-122.14114440435058,0.877163037650293
2020-02-17,44.725051871157504,-122.18318555964736,0.9427556089957513
2020-02-17,44.694329488440616,-122.22576570411464,0.9232594011902484
2020-02-17,44.67654284581505,-122.19558231056824,2.030651377510404
2020-02-17,44.70780421770241,-122.17510072209028,0.9027377654694515
2020-02-17,44.68031577000835,-122.19180938637491,1.0454265130256395
2020-02-17,44.68247172669024,-122.19450433222728,0.9130884519627706
2020-02-17,44.70025836931581,-122.23870144420596,0.8547494596956244
2020-02-17,44.70726522853194,-122.18749747301116,0.24747565197374038
2020-02-17,44.69109555341779,-122.20797906148908,0.8985453928490842
2020-02-17,44.69971938014533,-122.19450433222728,0.2638145910451375
2020-02-17,44.712655120236654,-122.24247436839926,0.8092704647979644
2020-02-17,44.67708183498552,-122.18965342969304,1.8480229851354775
2020-02-17,44.727746817009866,-122.171327797897,0.846186954885064
2020-02-17,44.702953315168166,-122.24085740088783,0.8935501742402808
2020-02-17,44.72073995779373,-122.18102960296548,0.7940219469465136
2020-02-17,44.70942118521383,-122.1826465704769,0.7684449208492561
2020-02-17,44.72451288198703,-122.13791046932776,0.9728333821478493
2020-02-17,44.69971938014533,-122.19127039720443,0.22107956709335827
2020-02-17,44.725051871157504,-122.171327797897,0.7323321481501409
2020-02-17,44.706726239361466,-122.1880364621816,0.2748449256911002
2020-02-17,44.72451288198703,-122.1670158845332,0.9110381321258041
2020-02-17,44.725590860327976,-122.15461913361236,0.8038127484474649
2020-02-17,44.69540746678156,-122.20959602900048,0.5837380763761189
2020-02-17,44.696485445122505,-122.22199277992134,0.5743871052557351
2020-02-17,44.716428044429954,-122.1885754513521,0.8721954120089308
2020-02-17,44.70564826102052,-122.1864194946702,0.23111172096338664
2020-02-17,44.71211613106618,-122.24301335756974,0.8980621295930263
2020-02-17,44.70888219604336,-122.1826465704769,0.789848475597532
2020-02-17,44.72235692530514,-122.17402274374936,2.1484344131667874
2020-02-17,44.72936378452128,-122.16324296033991,0.9264578492295994
2020-02-17,44.7137330985776,-122.1788736462836,0.8180731037287089
2020-02-17,44.70564826102052,-122.18372454881784,0.5695332245927687
2020-02-17,44.72343490364609,-122.17725667877218,0.8981693473235988
2020-02-17,44.72720782783939,-122.1675548737037,0.731382834477378
2020-02-17,44.715350066089016,-122.16432093868086,0.8312975190407624
2020-02-17,44.72235692530514,-122.1729447654084,1.9694406464655074
2020-02-17,44.692173531758726,-122.21821985572804,0.4231200433468851
2020-02-17,44.73044176286222,-122.16108700365804,0.8836547971748023
2020-02-17,44.71157714189571,-122.24031841171735,0.8271380264431822
2020-02-17,44.72828580618033,-122.17186678706749,0.8840496205965728
2020-02-17,44.72343490364609,-122.15461913361236,0.7901342752345947
2020-02-17,44.7099601743843,-122.237623465865,0.7737373361315564
2020-02-17,44.706726239361466,-122.2360064983536,0.7808248498480901
2020-02-17,44.71319410940713,-122.1670158845332,0.9555114450274363
2020-02-17,44.70079735848628,-122.20474512646624,0.8267900414068509
2020-02-17,44.70780421770241,-122.1826465704769,0.7974013484351684
2020-02-17,44.70025836931581,-122.24570830342208,0.9350799503244249
2020-02-17,44.70079735848628,-122.19612129973868,0.2911970145592254
2020-02-17,44.68462768337213,-122.19450433222728,1.020245210128236
2020-02-17,44.68732262922448,-122.20312815895484,0.8717179515438174
2020-02-17,44.72235692530514,-122.24840324927445,0.8936969789657925
2020-02-17,44.72936378452128,-122.1670158845332,0.7156343393920301
2020-02-17,44.71804501194137,-122.2494812276154,0.8912650226213126
2020-02-17,44.70618725019099,-122.2397794225469,0.7065552026543787
2020-02-17,44.69379049927014,-122.20690108314813,0.5927494542442481
2020-02-17,44.69810241263392,-122.24678628176304,0.9455068140575097
2020-02-17,44.70942118521383,-122.23546750918312,0.8067656716361117
2020-02-17,44.7137330985776,-122.17995162462454,0.8165934855455899
2020-02-17,44.70942118521383,-122.17456173291984,1.0379876668516748
2020-02-17,44.71103815272524,-122.24085740088783,0.8338274308313139
2020-02-17,44.70187533682722,-122.23870144420596,0.8232944752002276
2020-02-17,44.72181793613468,-122.18588050549972,0.8699403371369634
2020-02-17,44.72020096862326,-122.15569711195332,0.7925862800963404
2020-02-17,44.70187533682722,-122.20312815895484,0.9425648212443353
2020-02-17,44.70133634765675,-122.19719927807964,0.3162554448958369
2020-02-17,44.716967033600426,-122.1885754513521,0.9570535905382114
2020-02-17,44.68354970503118,-122.19827725642058,1.5336027289291325
2020-02-17,44.69540746678156,-122.19881624559105,0.506817602368452
2020-02-17,44.69756342346345,-122.19342635388634,0.29022984453057965
2020-02-17,44.69918039097486,-122.21013501817096,0.9051410856384866
2020-02-17,44.70403129350911,-122.2397794225469,0.8484400649659808
2020-02-17,44.72343490364609,-122.1675548737037,1.2951421914642294
2020-02-17,44.73637064373741,-122.1578530686352,0.9357292215222818
2020-02-17,44.712655120236654,-122.17402274374936,0.9848534033114518
2020-02-17,44.70510927185005,-122.19666028890916,0.4561465945843093
2020-02-17,44.7288247953508,-122.17078880872651,0.8522745047545655
2020-02-17,44.7175060227709,-122.24678628176304,0.6148153372900382
2020-02-17,44.716428044429954,-122.1691718412151,0.8343443113868122
2020-02-17,44.72181793613468,-122.15246317693048,0.8150628876674263
2020-02-17,44.71157714189571,-122.19073140803395,0.8366631629321047
2020-02-17,44.716967033600426,-122.24624729259256,0.6407791950426294
2020-02-17,44.71804501194137,-122.25055920595634,1.212334692653064
2020-02-17,44.72828580618033,-122.1600090253171,0.9141608056163302
2020-02-17,44.72612984949845,-122.16593790619228,0.8437903155775262
2020-02-17,44.68624465088354,-122.19666028890916,1.518754111192207
2020-02-17,44.72666883866892,-122.17563971126076,0.9112053594908757
2020-02-17,44.69971938014533,-122.18911444052256,0.6273958029971648
2020-02-17,44.73475367622599,-122.1600090253171,0.8190865703994265
2020-02-17,44.72020096862326,-122.24840324927445,0.8406593326880388
2020-02-17,44.681393748349294,-122.19450433222728,0.8998317587472421
2020-02-17,44.714811076918544,-122.19127039720443,0.816903625235133
2020-02-17,44.692173531758726,-122.21175198568235,0.8887511944712023
2020-02-17,44.72397389281656,-122.1368324909868,0.8540138023526405
2020-02-17,44.72020096862326,-122.15947003614662,1.2791962255635234
2020-02-17,44.71966197945279,-122.15515812278284,0.8114308420090123
2020-02-17,44.716967033600426,-122.12551371840688,0.9404411921064381
2020-02-17,44.70618725019099,-122.23924043337642,0.7079379185613418
2020-02-17,44.722895914475615,-122.1352155234754,0.8859881320828891
2020-02-17,44.72397389281656,-122.15461913361236,0.7698307987464478
2020-02-17,44.72990277369175,-122.16054801448756,0.921320080279157
2020-02-17,44.73044176286222,-122.15893104697616,0.925956454625848
2020-02-17,44.71858400111184,-122.18372454881784,0.826871903296235
2020-02-17,44.71427208774807,-122.16432093868086,0.6690496289808848
2020-02-17,44.69756342346345,-122.23061660664888,0.7125841384364481
2020-02-17,44.715350066089016,-122.17348375457888,0.7267450763676603
2020-02-17,44.71157714189571,-122.18749747301116,0.5759649259369521
2020-02-17,44.72343490364609,-122.18156859213596,0.9640451631700551
2020-02-17,44.72451288198703,-122.17456173291984,0.7874808659015189
2020-02-17,44.69379049927014,-122.2510981951268,2.5477075510270306
2020-02-17,44.71858400111184,-122.24894223844493,0.9028256779571739
2020-02-17,44.68247172669024,-122.1939653430568,0.9411653446470292
2020-02-17,44.7137330985776,-122.17024981955603,0.7892945307773337
2020-02-17,44.69810241263392,-122.18911444052256,1.149164567830941
2020-02-17,44.69702443429298,-122.20690108314813,0.5293578718949183
2020-02-17,44.72828580618033,-122.14599530688484,0.9323250752081703
2020-02-17,44.73637064373741,-122.15893104697616,0.8128259513812278
2020-02-17,44.71966197945279,-122.1292866426002,0.9295105814560125
2020-02-17,44.7137330985776,-122.18695848384068,0.7876742199312688
2020-02-17,44.69594645595203,-122.2510981951268,0.908722482246305
2020-02-17,44.714811076918544,-122.18372454881784,0.8177826190162173
2020-02-17,44.70726522853194,-122.1923483755454,0.32181507882123955
2020-02-17,44.70133634765675,-122.1880364621816,0.6931471805599453
2020-02-17,44.70510927185005,-122.24139639005833,1.6438039039181767
2020-02-17,44.7288247953508,-122.16270397116944,0.9264284001586102
2020-02-17,44.72343490364609,-122.15354115527144,0.7836286665416906
2020-02-17,44.70025836931581,-122.20690108314813,0.8110041397055511
2020-02-17,44.69702443429298,-122.1923483755454,1.7047480922384253
2020-02-17,44.7099601743843,-122.18210758130644,0.7926767759069784
2020-02-17,44.727746817009866,-122.16809386287416,0.7326231368336833
2020-02-17,44.716967033600426,-122.16432093868086,1.5960148921019597
2020-02-17,44.70025836931581,-122.23115559581936,0.7202554993180234
2020-02-17,44.69109555341779,-122.20851805065952,0.8545768234326817
2020-02-17,44.715350066089016,-122.18749747301116,0.8710383205297842
2020-02-17,44.69594645595203,-122.19881624559105,0.2863224529357414
2020-02-17,44.735292665396464,-122.15731407946473,1.4030078420936312
2020-02-17,44.696485445122505,-122.2322335741603,0.7214933577286858
2020-02-17,44.71211613106618,-122.17617870043124,1.0185695809945732
2020-02-17,44.710499163554765,-122.19342635388634,0.8362704706378087
2020-02-17,44.72235692530514,-122.24894223844493,0.9551184018858923
2020-02-17,44.70187533682722,-122.23654548752408,0.820801964695483
2020-02-17,44.7137330985776,-122.1901924188635,0.8934385299518036
2020-02-17,44.71427208774807,-122.18965342969304,0.8442893339662033
2020-02-17,44.69810241263392,-122.2360064983536,0.6659961914939945
2020-02-17,44.69163454258826,-122.20636209397766,0.8394641354814397
2020-02-17,44.73098075203269,-122.16108700365804,0.8900354371377758
2020-02-17,44.72343490364609,-122.16971083038558,1.8845412026790211
2020-02-17,44.70564826102052,-122.18318555964736,0.4344161546239897
2020-02-17,44.69486847761109,-122.2225317690918,0.8517037247126709
2020-02-17,44.69810241263392,-122.1977382672501,0.28030196515415834
2020-02-17,44.71427208774807,-122.18534151632926,0.9152863235535672
2020-02-17,44.70726522853194,-122.23870144420596,0.7221347174331975
2020-02-17,44.71804501194137,-122.18210758130644,0.7467369039102019
2020-02-17,44.69864140180439,-122.20258916978436,0.4156692782824061
2020-02-17,44.70187533682722,-122.1939653430568,0.2829982231393545
2020-02-17,44.70618725019099,-122.18480252715878,0.292524696927569
2020-02-17,44.72181793613468,-122.18210758130644,0.8122328764323232
2020-02-17,44.71319410940713,-122.2419353792288,0.794633885523343
2020-02-17,44.716428044429954,-122.24301335756974,0.8225582542114478
2020-02-17,44.70079735848628,-122.2300776174784,0.8301507061564364
2020-02-17,44.71912299028232,-122.15461913361236,0.8855190732074014
2020-02-17,44.716428044429954,-122.24570830342208,0.7397539377484339
2020-02-17,44.694329488440616,-122.21444693153472,0.9260030645075803
2020-02-17,44.69702443429298,-122.24840324927445,0.9543995788309838
2020-02-17,44.69702443429298,-122.20474512646624,0.4763394476948215
2020-02-17,44.71427208774807,-122.17779566794266,0.7586289073188808
2020-02-17,44.72451288198703,-122.1637819495104,0.8637591374412756
2020-02-17,44.722895914475615,-122.1578530686352,0.8231337574970577
2020-02-17,44.71912299028232,-122.15246317693048,0.963437510299857
2020-02-17,44.69702443429298,-122.23115559581936,0.7057871154957651
2020-02-17,44.710499163554765,-122.23654548752408,0.813481238007934
2020-02-17,44.710499163554765,-122.17779566794266,0.7970179706651287
2020-02-17,44.6851666725426,-122.19558231056824,1.821071912693521
2020-02-17,44.69486847761109,-122.22360974743276,0.7777045685880085
2020-02-17,44.68624465088354,-122.20205018061388,1.3409791649078482
2020-02-17,44.72666883866892,-122.13952743683916,0.8695033722996937
2020-02-17,44.72828580618033,-122.1670158845332,0.7278793339925103
2020-02-17,44.710499163554765,-122.23924043337642,0.7949730959963811
2020-02-17,44.710499163554765,-122.18426353798831,0.761646712125692
2020-02-17,44.722895914475615,-122.14976823107811,0.8239815693713256
2020-02-17,44.69540746678156,-122.20797906148908,0.576659985437362
2020-02-17,44.714811076918544,-122.17348375457888,0.727169350173359
2020-02-17,44.71804501194137,-122.24463032508116,0.8321703658602271
2020-02-17,44.71912299028232,-122.15569711195332,0.7796319923223064
2020-02-17,44.72612984949845,-122.1384494584982,0.8656858379661679
2020-02-17,44.71966197945279,-122.15354115527144,0.7940348788902737
2020-02-17,44.696485445122505,-122.20043321310249,0.2771556594647935
2020-02-17,44.722895914475615,-122.18480252715878,0.9322040498547675
2020-02-17,44.72612984949845,-122.17563971126076,0.901204238840775
2020-02-17,44.71157714189571,-122.23870144420596,0.8173375607913291
2020-02-17,44.714811076918544,-122.24247436839926,0.7955383324487448
2020-02-17,44.725051871157504,-122.16054801448756,0.8855671489748201
2020-02-17,44.72720782783939,-122.17456173291984,0.881518362579723
2020-02-17,44.710499163554765,-122.171327797897,1.961953273895889
2020-02-17,44.692173531758726,-122.21714187738708,0.6792387505138133
2020-02-17,44.69971938014533,-122.1880364621816,0.8899937795836931
2020-02-17,44.69918039097486,-122.1977382672501,0.2724146003209925
2020-02-17,44.70510927185005,-122.23708447669456,0.7708717931838557
2020-02-17,44.72451288198703,-122.16593790619228,0.9139958370058165
2020-02-17,44.71966197945279,-122.1826465704769,0.8700099793101489
2020-02-17,44.71157714189571,-122.1826465704769,0.7996801597868084
2020-02-17,44.72073995779373,-122.15354115527144,0.8530976678523796
2020-02-17,44.69702443429298,-122.22576570411464,0.859026704684581
2020-02-17,44.71319410940713,-122.17186678706749,1.0577902941478545
2020-02-17,44.727746817009866,-122.16647689536276,0.7305242909626122
2020-02-17,44.69702443429298,-122.24463032508116,0.9704320793814464
2020-02-17,44.72073995779373,-122.17510072209028,1.70652903660942
2020-02-17,44.696485445122505,-122.2112129965119,0.6543611555247888
2020-02-17,44.706726239361466,-122.24247436839926,1.326335501241344
2020-02-17,44.716967033600426,-122.12766967508878,0.9132848544913551
2020-02-17,44.69702443429298,-122.21768086655756,0.8048368312694192
2020-02-17,44.6927125209292,-122.2149859207052,0.9093317615498515
2020-02-17,44.721278946964205,-122.18102960296548,0.8303483020734302
2020-02-17,44.696485445122505,-122.20258916978436,0.4570229177730145
2020-02-17,44.72343490364609,-122.17240577623794,0.7284982936514534
2020-02-17,44.67654284581505,-122.1880364621816,3.146793771183083
2020-02-17,44.704570282679576,-122.19558231056824,0.35529784939014514
2020-02-17,44.69702443429298,-122.20636209397766,0.48162646907372847
2020-02-17,44.73421468705553,-122.16270397116944,0.9259146031782025
2020-02-17,44.731519741203165,-122.16216498199896,0.8145995107397679
2020-02-17,44.72612984949845,-122.16270397116944,0.8642845702024822
2020-02-17,44.725590860327976,-122.17186678706749,0.729879682493997
2020-02-17,44.70510927185005,-122.1880364621816,0.24224921039379532
2020-02-17,44.733675697885054,-122.16485992785134,1.098298070283749
2020-02-17,44.6851666725426,-122.19612129973868,1.1447449701256025
2020-02-17,44.69325151009967,-122.2112129965119,0.7777045685880085
2020-02-17,44.7099601743843,-122.1880364621816,0.3076093181044057
2020-02-17,44.72451288198703,-122.1691718412151,0.7275992119052763
2020-02-17,44.72936378452128,-122.16054801448756,0.9513027778338635
2020-02-17,44.70079735848628,-122.23385054167171,0.7867884784366115
2020-02-17,44.70025836931581,-122.1939653430568,0.2627253404779133
2020-02-17,44.73205873037364,-122.16054801448756,0.8436415491840932
2020-02-17,44.7099601743843,-122.18480252715878,0.5797221050653886
2020-02-17,44.71103815272524,-122.19342635388634,1.1774476312689295
2020-02-17,44.69325151009967,-122.21606389904616,0.980537154280279
2020-02-17,44.67869880249694,-122.19073140803395,0.9604619501872925
2020-02-17,44.70564826102052,-122.19558231056824,0.4401855768119022
2020-02-17,44.71804501194137,-122.13090361011162,0.8927842841988138
2020-02-17,44.72828580618033,-122.16647689536276,0.7236888849427872
2020-02-17,44.71588905525949,-122.16863285204464,1.2014696741078175
2020-02-17,44.68840060756543,-122.20258916978436,0.8503859569864368
2020-02-17,44.71319410940713,-122.17941263545409,0.7852179379825314
2020-02-17,44.71912299028232,-122.24678628176304,0.8069445592861252
2020-02-17,44.70888219604336,-122.17402274374936,1.002845383576101
2020-02-17,44.70510927185005,-122.23277256333076,0.8970818957664899
2020-02-17,44.70349230433864,-122.23816245503548,0.8376753744475434
2020-02-17,44.69163454258826,-122.21821985572804,2.7990219793079367
2020-02-17,44.70079735848628,-122.23924043337642,0.8779823540942159
2020-02-17,44.71804501194137,-122.15893104697616,0.990398704027877
2020-02-17,44.69594645595203,-122.21768086655756,0.47314993493510055
2020-02-17,44.7137330985776,-122.18426353798831,0.8333843820516593
2020-02-17,44.72612984949845,-122.14168339352103,0.8734773659689747
2020-02-17,44.69540746678156,-122.21929783406898,0.5427963786424619
2020-02-17,44.69379049927014,-122.2149859207052,0.8691756189080303
2020-02-17,44.73690963290788,-122.1578530686352,0.8256534577692226
2020-02-17,44.735292665396464,-122.1578530686352,0.9085414856279223
2020-02-17,44.70834320687288,-122.23708447669456,0.798555818255268
2020-02-17,44.69918039097486,-122.19558231056824,0.27443684570176036
2020-02-17,44.702953315168166,-122.23169458498982,1.993003559201329
2020-02-17,44.69109555341779,-122.20905703983,0.8251362885843512
2020-02-17,44.73205873037364,-122.1616259928285,0.8115767540289842
2020-02-17,44.715350066089016,-122.16485992785134,0.7731898882334819
2020-02-17,44.70780421770241,-122.23546750918312,0.777678655474676
2020-02-17,44.73583165456694,-122.1578530686352,0.8587825331483429
2020-02-17,44.67654284581505,-122.19612129973868,1.1052238830004224
2020-02-17,44.68678364005401,-122.19935523476153,1.067467902966344
2020-02-17,44.6851666725426,-122.19719927807964,1.1941162857033931
2020-02-17,44.70349230433864,-122.23492852001266,0.7683897973134608
2020-02-17,44.69864140180439,-122.2322335741603,0.7060075626152842
2020-02-17,44.706726239361466,-122.19450433222728,0.43721380642274466
2020-02-17,44.716428044429954,-122.19073140803395,0.8830292387399611
2020-02-17,44.70888219604336,-122.23546750918312,0.7867724399993506
2020-02-17,44.696485445122505,-122.19342635388634,2.4423470353692043
2020-02-17,44.70079735848628,-122.24463032508116,0.9954161665610203
2020-02-17,44.725590860327976,-122.14222238269151,0.9060896233102285
2020-02-17,44.72666883866892,-122.15677509029426,0.9509117216618612
2020-02-17,44.71966197945279,-122.17725667877218,1.5602476682433286
2020-02-17,44.68947858590637,-122.20582310480718,0.9062286369176378
2020-02-17,44.71427208774807,-122.1600090253171,0.9465960813694839
2020-02-17,44.69379049927014,-122.20797906148908,0.581067714653374
2020-02-17,44.721278946964205,-122.13413754513444,0.9825719197321571
2020-02-17,44.7288247953508,-122.15893104697616,0.9017615811387283
2020-02-17,44.72343490364609,-122.17024981955603,1.6916760106710724
2020-02-17,44.72451288198703,-122.15461913361236,0.8026111078023639
2020-02-17,44.73690963290788,-122.15623610112378,2.528941867178487
2020-02-17,44.69702443429298,-122.20151119144342,0.3274563979395924
2020-02-17,44.70510927185005,-122.19288736471586,0.2989307849876517
2020-02-17,44.70780421770241,-122.19288736471586,0.4889982207214694
2020-02-17,44.71804501194137,-122.2473252709335,0.8133963087115222
2020-02-17,44.702414325997694,-122.199894223932,0.8638298950305667
2020-02-17,44.712655120236654,-122.19073140803395,0.8550199064811139
2020-02-17,44.69756342346345,-122.19666028890916,0.26797700137244856
2020-02-17,44.72343490364609,-122.1368324909868,1.5997133625421056
2020-02-17,44.70079735848628,-122.20097220227294,0.5079437773911017
2020-02-17,44.69756342346345,-122.19288736471586,0.4054651081081644
2020-02-17,44.72235692530514,-122.1864194946702,0.9096916611220269
2020-02-17,44.69810241263392,-122.20420613729576,0.48798613179616784
2020-02-17,44.72828580618033,-122.15839205780568,0.9188665440933115
2020-02-17,44.7175060227709,-122.12713068591832,0.9860368003904758
2020-02-17,44.696485445122505,-122.20959602900048,0.572657783305819
2020-02-17,44.70133634765675,-122.24085740088783,0.7957603647260666
2020-02-17,44.722895914475615,-122.17186678706749,1.900958761193047
2020-02-17,44.73205873037364,-122.16270397116944,0.7310674426219744
2020-02-17,44.69594645595203,-122.25002021678588,1.0185695809945732
2020-02-17,44.69971938014533,-122.20474512646624,0.45874647472110114
2020-02-17,44.696485445122505,-122.24624729259256,1.3586658325349235
2020-02-17,44.696485445122505,-122.20097220227294,0.2797139028026041
2020-02-17,44.72612984949845,-122.15731407946473,0.9251059302593239
2020-02-17,44.706726239361466,-122.24031841171735,0.7167146499638584
2020-02-17,44.71211613106618,-122.17833465711313,0.7517494775851586
2020-02-17,44.68624465088354,-122.1977382672501,0.9221673403631401
2020-02-17,44.70079735848628,-122.1901924188635,0.2051610487637774
2020-02-17,44.72990277369175,-122.1637819495104,0.728979990502197
2020-02-17,44.71588905525949,-122.2473252709335,2.57989440495629
2020-02-17,44.69756342346345,-122.1939653430568,0.2668352108122581
2020-02-17,44.71157714189571,-122.1729447654084,0.995428052432879
2020-02-17,44.727746817009866,-122.15893104697616,0.9118253312515567
2020-02-17,44.725590860327976,-122.1443783393734,0.9475720312552438
2020-02-17,44.72451288198703,-122.17833465711313,0.8777492400526252
2020-02-17,44.71319410940713,-122.24247436839926,0.7690369321506877
2020-02-17,44.70187533682722,-122.24085740088783,0.812557026401041
2020-02-17,44.71319410940713,-122.18372454881784,0.8996450210312903
2020-02-17,44.69702443429298,-122.1939653430568,0.32047189527477177
2020-02-17,44.69810241263392,-122.23169458498982,0.7256997835976938
2020-02-17,44.702953315168166,-122.199894223932,1.561994358907934
2020-02-17,44.71427208774807,-122.17240577623794,0.7940851444792602
2020-02-17,44.72181793613468,-122.14922924190763,1.2838156918369532
2020-02-17,44.69594645595203,-122.22738267162605,0.6990995790872404
2020-02-17,44.71804501194137,-122.1864194946702,0.8699617199644155
2020-02-17,44.72451288198703,-122.17617870043124,1.0005417942756845
2020-02-17,44.73583165456694,-122.16054801448756,0.7739891848950112
2020-02-17,44.69864140180439,-122.19288736471586,0.24224921039379532
2020-02-17,44.70133634765675,-122.23169458498982,0.7614063338003915
2020-02-17,44.72666883866892,-122.15084620941909,0.8483165361968555
2020-02-17,44.71858400111184,-122.13090361011162,0.8739044038319158
2020-02-17,44.716967033600426,-122.25055920595634,1.070216414512929
2020-02-17,44.69486847761109,-122.22145379075086,0.8109302162163288
2020-02-17,44.7137330985776,-122.1637819495104,0.6931471805599453
2020-02-17,44.716428044429954,-122.24678628176304,0.8487848495087817
2020-02-17,44.70942118521383,-122.19288736471586,0.7826797499304771
2020-02-17,44.71427208774807,-122.17348375457888,0.7235917546835168
2020-02-17,44.70834320687288,-122.2419353792288,0.8820051113686191
2020-02-17,44.69379049927014,-122.2074400723186,0.5919971974384625
2020-02-17,44.694329488440616,-122.22360974743276,0.8606018260135663
2020-02-17,44.714811076918544,-122.1600090253171,0.834460713626523
2020-02-17,44.71103815272524,-122.19127039720443,0.8323104997505112
2020-02-17,44.70888219604336,-122.1864194946702,0.27763173659827955
2020-02-17,44.73960457876024,-122.15731407946473,0.8746593483983416
2020-02-17,44.70025836931581,-122.23385054167171,0.799669811397949
2020-02-17,44.71427208774807,-122.16216498199896,0.7073318155519017
2020-02-17,44.71588905525949,-122.18965342969304,0.8584531403697441
2020-02-17,44.72612984949845,-122.1540801444419,0.7556847998607191
2020-02-17,44.710499163554765,-122.18156859213596,0.7787844822998706
2020-02-17,44.70079735848628,-122.19504332139776,0.26826398659467937
2020-02-17,44.702953315168166,-122.23924043337642,0.8498876205162094
2020-02-17,44.71157714189571,-122.17240577623794,1.1180303745252111
2020-02-17,44.72020096862326,-122.1330595667935,0.9759203166586434
2020-02-17,44.715350066089016,-122.24301335756974,0.816289948692359
2020-02-17,44.69594645595203,-122.2149859207052,0.8144700429214528
2020-02-17,44.69864140180439,-122.21067400734142,0.8598631907952217
2020-02-17,44.69486847761109,-122.20528411563672,0.4303111066946952
2020-02-17,44.68786161839496,-122.199894223932,1.0053069504927385
2020-02-17,44.725051871157504,-122.18426353798831,1.0134544803278027
2020-02-17,44.71427208774807,-122.24247436839926,0.8166684795893674
2020-02-17,44.715350066089016,-122.19073140803395,0.8278845464445225
2020-02-17,44.70510927185005,-122.1977382672501,0.8023172246344394
2020-02-17,44.70726522853194,-122.24031841171735,0.6622396430968687
2020-02-17,44.71427208774807,-122.2435523467402,0.8156850542979441
2020-02-17,44.69055656424732,-122.20528411563672,0.7817005779013904
2020-02-17,44.694329488440616,-122.21229097485283,0.7960837080993343
2020-02-17,44.677620824156,-122.18911444052256,0.8494437839574804
2020-02-17,44.702953315168166,-122.18695848384068,0.2393634951809732
2020-02-17,44.6927125209292,-122.21282996402331,0.9190374473542124
2020-02-17,44.72451288198703,-122.15192418776002,0.7440042376110085
2020-02-17,44.70834320687288,-122.23546750918312,0.7851642562840122
2020-02-17,44.71912299028232,-122.15084620941909,1.988927534139004
2020-02-17,44.704570282679576,-122.18426353798831,0.6931471805599453
2020-02-17,44.73205873037364,-122.16324296033991,0.7895978280795969
2020-02-17,44.716428044429954,-122.18049061379502,0.7414408150299389
2020-02-17,44.70564826102052,-122.18534151632926,0.2550112901622323
2020-02-17,44.70349230433864,-122.19612129973868,0.3488180724435123
2020-02-17,44.69486847761109,-122.25002021678588,2.006534770871748
2020-02-17,44.712655120236654,-122.17725667877218,0.7754048551643273
2020-02-17,44.725051871157504,-122.1368324909868,0.8633683304198125
2020-02-17,44.72397389281656,-122.17671768960172,0.841191592685961
2020-02-17,44.71319410940713,-122.17402274374936,0.8797331361403576
2020-02-17,44.71804501194137,-122.18156859213596,0.7613813755430756
2020-02-17,44.71319410940713,-122.24463032508116,0.8756803999644902
2020-02-17,44.72451288198703,-122.1406054151801,1.4420857207483062
2020-02-17,44.70079735848628,-122.24139639005833,0.8925939868793634
2020-02-17,44.71103815272524,-122.18156859213596,0.7446247331551847
2020-02-17,44.69486847761109,-122.19719927807964,2.2900063107871858
2020-02-17,44.7175060227709,-122.2494812276154,0.9911548217433066
2020-02-17,44.69379049927014,-122.21714187738708,0.849137110491863
2020-02-17,44.69163454258826,-122.21175198568235,0.8834304131122046
2020-02-17,44.70942118521383,-122.17510072209028,0.8347976976229722
2020-02-17,44.7288247953508,-122.16863285204464,0.7504185058210042
2020-02-17,44.702953315168166,-122.19127039720443,0.2627431241045288
2020-02-17,44.69756342346345,-122.20097220227294,0.2983204706568367
2020-02-17,44.70349230433864,-122.19342635388634,0.30802175668890364
2020-02-17,44.69325151009967,-122.21067400734142,0.8358620355824905
2020-02-17,44.725051871157504,-122.1406054151801,0.8794239171968279
2020-02-17,44.71103815272524,-122.18534151632926,0.5552773863368246
2020-02-17,44.69971938014533,-122.20097220227294,0.38641691313747
2020-02-17,44.71103815272524,-122.18695848384068,0.42109982225556647
2020-02-17,44.69810241263392,-122.19558231056824,0.2995728189733025
2020-02-17,44.712655120236654,-122.171327797897,1.1363526166509568
2020-02-17,44.69702443429298,-122.21444693153472,0.90479635244842
2020-02-17,44.71804501194137,-122.18965342969304,1.2120738731712684
2020-02-17,44.7137330985776,-122.2397794225469,1.0970110073011359
2020-02-17,44.68462768337213,-122.19881624559105,1.048585618895752
2020-02-17,44.70079735848628,-122.19450433222728,0.2817683946617333
2020-02-17,44.69810241263392,-122.20043321310249,0.3002925800437106
2020-02-17,44.67815981332647,-122.19612129973868,0.9884236607428911
2020-02-17,44.69971938014533,-122.2451693142516,0.7950872189029399
2020-02-17,44.70187533682722,-122.19127039720443,0.23943523891239538
2020-02-17,44.69702443429298,-122.19288736471586,0.6931471805599453
2020-02-17,44.69325151009967,-122.20205018061388,0.8565050865556645
2020-02-17,44.72451288198703,-122.18534151632926,1.3383346677240955
2020-02-17,44.71211613106618,-122.16647689536276,2.423945949998313
2020-02-17,44.69001757507685,-122.21175198568235,1.5660874715604867
2020-02-17,44.692173531758726,-122.20366714812528,0.540888648884725
2020-02-17,44.70187533682722,-122.23546750918312,0.8182455377927017
2020-02-17,44.694329488440616,-122.25325415180868,2.2862701525747506
2020-02-17,44.70780421770241,-122.19612129973868,0.9511450947240259
2020-02-17,44.69540746678156,-122.24247436839926,1.9589038351173016
2020-02-17,44.70133634765675,-122.19558231056824,0.2972515234679317
2020-02-17,44.69756342346345,-122.23331155250123,0.7220648581995249
2020-02-17,44.716428044429954,-122.12605270757736,1.0357070695909412
2020-02-17,44.69756342346345,-122.21390794236426,0.9039922077307525
2020-02-17,44.72181793613468,-122.18318555964736,0.835440951263454
2020-02-17,44.7099601743843,-122.17833465711313,1.3862943611198906
2020-02-17,44.72073995779373,-122.24894223844493,0.6414751700156244
2020-02-17,44.735292665396464,-122.1616259928285,0.8494470122997428
2020-02-17,44.704570282679576,-122.23654548752408,0.7581959358275492
2020-02-17,44.694329488440616,-122.20205018061388,0.8006435715060534
2020-02-17,44.71588905525949,-122.1864194946702,0.868033758866382
2020-02-17,44.712655120236654,-122.17456173291984,1.1411719030869056
2020-02-17,44.69810241263392,-122.24409133591068,0.9284986457813678
2020-02-17,44.69001757507685,-122.21390794236426,1.6443759637953808
2020-02-17,44.72990277369175,-122.16809386287416,0.8399177530895812
2020-02-17,44.71966197945279,-122.1503072202486,1.240897305218867
2020-02-17,44.70780421770241,-122.18480252715878,0.31766290466371677
2020-02-17,44.69163454258826,-122.21768086655756,1.6763773951092096
2020-02-17,44.72666883866892,-122.17456173291984,0.931839865811453
2020-02-17,44.72397389281656,-122.1653989170218,0.9308003411418417
2020-02-17,44.716428044429954,-122.15731407946473,1.1664348850068709
2020-02-17,44.72073995779373,-122.18588050549972,0.869785436083821
2020-02-17,44.716967033600426,-122.16108700365804,1.0560526742493137
2020-02-17,44.69810241263392,-122.22630469328512,0.8522118751896328
2020-02-17,44.716967033600426,-122.1675548737037,0.9104900744858546
2020-02-17,44.71103815272524,-122.2435523467402,0.9088136380157837
2020-02-17,44.72020096862326,-122.18102960296548,0.8649331721994773
2020-02-17,44.71157714189571,-122.1901924188635,0.8099287138792391
2020-02-17,44.7288247953508,-122.16108700365804,0.9481528881999381
2020-02-17,44.706726239361466,-122.18534151632926,0.2688135881473981
2020-02-17,44.73259771954411,-122.1616259928285,0.7897968397435232
2020-02-17,44.70726522853194,-122.19342635388634,0.3660727063975037
2020-02-17,44.712655120236654,-122.18156859213596,0.7995677402331405
2020-02-17,44.71588905525949,-122.24463032508116,0.8198210015462206
2020-02-17,44.70187533682722,-122.19935523476153,0.5405675929647281
2020-02-17,44.69702443429298,-122.2322335741603,0.7079977528832713
2020-02-17,44.710499163554765,-122.1826465704769,0.7835974678387744
2020-02-17,44.69540746678156,-122.2187588448985,0.4450742462032102
2020-02-17,44.70133634765675,-122.22899963913748,0.8801239683387384
2020-02-17,44.70564826102052,-122.237623465865,0.7160754043691591
2020-02-17,44.69864140180439,-122.19827725642058,0.2643347084547898
2020-02-17,44.71211613106618,-122.24463032508116,0.9911849448546206
2020-02-17,44.71427208774807,-122.16647689536276,1.1143606456362487
2020-02-17,44.71427208774807,-122.24409133591068,0.8126404445396377
2020-02-17,44.71966197945279,-122.13090361011162,0.9695752856314265
2020-02-17,44.69756342346345,-122.18911444052256,5.8888779583328805
2020-02-17,44.71804501194137,-122.18534151632926,0.8729328928271504
2020-02-17,44.71157714189571,-122.17563971126076,1.236762627148927
2020-02-17,44.70403129350911,-122.23816245503548,0.8449415916250291
2020-02-17,44.710499163554765,-122.1885754513521,0.3495365554489396
2020-02-17,44.716967033600426,-122.19073140803395,1.2210949255324484
2020-02-17,44.71912299028232,-122.13198158845256,0.8315882278367508
2020-02-17,44.72397389281656,-122.13737148015728,0.991928146079775
2020-02-17,44.716967033600426,-122.17995162462454,0.7335698439545203
2020-02-17,44.70133634765675,-122.19342635388634,0.27576298021457063
2020-02-17,44.71211613106618,-122.16270397116944,0.9121902648268887
2020-02-17,44.72666883866892,-122.1670158845332,0.7290938539011196
2020-02-17,44.702953315168166,-122.2360064983536,0.8200277173145585
2020-02-17,44.72990277369175,-122.16593790619228,0.7214714043207163
2020-02-17,44.70349230433864,-122.19073140803395,0.2496546768625416
2020-02-17,44.725051871157504,-122.17510072209028,0.8654649335343886
2020-02-17,44.72612984949845,-122.17078880872651,0.7312256891344496
2020-02-17,44.6889395967359,-122.20097220227294,0.8502390389780197
2020-02-17,44.69810241263392,-122.21013501817096,0.6482966143945935
2020-02-17,44.725590860327976,-122.15246317693048,0.768133685751219
2020-02-17,44.69379049927014,-122.21983682323943,0.49429632181478017
2020-02-17,44.69756342346345,-122.20151119144342,0.31521823026038615
2020-02-17,44.70025836931581,-122.19558231056824,0.297766191518407
2020-02-17,44.69864140180439,-122.22468772577368,1.3763853780124016
2020-02-17,44.72451288198703,-122.16432093868086,0.9024453250521021
2020-02-17,44.696485445122505,-122.199894223932,0.28101093363475843
2020-02-17,44.72936378452128,-122.16593790619228,0.7159385747061853
2020-02-17,44.70888219604336,-122.24139639005833,0.8858881671717551
2020-02-17,44.70942118521383,-122.1939653430568,0.8802862378698635
2020-02-17,44.702953315168166,-122.23277256333076,0.8281354222149002
2020-02-17,44.69971938014533,-122.20959602900048,1.9078542452255458
2020-02-17,44.71211613106618,-122.171327797897,1.3862943611198906
2020-02-17,44.69594645595203,-122.19719927807964,0.30673026742247544
2020-02-17,44.70187533682722,-122.23924043337642,0.8193158540159702
2020-02-17,44.69918039097486,-122.1885754513521,0.8291212396181671
2020-02-17,44.69756342346345,-122.20258916978436,0.3924610236849577
2020-02-17,44.73098075203269,-122.16324296033991,0.7319566486811506
2020-02-17,44.69918039097486,-122.20151119144342,0.3808592973059643
2020-02-17,44.70079735848628,-122.199894223932,0.4666195312614951
2020-02-17,44.716967033600426,-122.16809386287416,1.0113643466022673
2020-02-17,44.72612984949845,-122.16809386287416,0.7252556989683628
2020-02-17,44.715350066089016,-122.1670158845332,1.6094379124341003
2020-02-17,44.706726239361466,-122.17833465711313,1.1597667118214403
2020-02-17,44.714811076918544,-122.17456173291984,0.7377554439878059
2020-02-17,44.722895914475615,-122.2494812276154,1.3573068242466384
2020-02-17,44.69055656424732,-122.2112129965119,0.8463953702738498
2020-02-17,44.715350066089016,-122.17617870043124,1.2479728421043277
2020-02-17,44.694329488440616,-122.21282996402331,0.6969664086269407
2020-02-17,44.67600385664458,-122.19719927807964,1.0822184788924332
2020-02-17,44.69702443429298,-122.23385054167171,0.7275824569797662
2020-02-17,44.69702443429298,-122.22899963913748,0.6263319823860282
2020-02-17,44.72397389281656,-122.18156859213596,0.9051949176191006
2020-02-17,44.71103815272524,-122.19180938637491,0.8646150526753682
2020-02-17,44.694329488440616,-122.19827725642058,4.245429322427524
2020-02-17,44.72612984949845,-122.1443783393734,0.8064758658669485
2020-02-17,44.71858400111184,-122.16432093868086,0.8819675417050662
2020-02-17,44.70025836931581,-122.22684368245558,1.675708212133141
2020-02-17,44.70079735848628,-122.20420613729576,0.808249249463071
2020-02-17,44.702414325997694,-122.19558231056824,0.30802175668890364
2020-02-17,44.725051871157504,-122.18372454881784,1.0487195885545775
2020-02-17,44.71966197945279,-122.24894223844493,0.8597414598659414
2020-02-17,44.71804501194137,-122.24678628176304,0.6374582746993567
2020-02-17,44.706726239361466,-122.18102960296548,0.7645746241562781
2020-02-17,44.72451288198703,-122.1384494584982,0.974120754759574
2020-02-17,44.69864140180439,-122.20420613729576,0.420280193893305
2020-02-17,44.706726239361466,-122.23546750918312,0.7789374496786965
2020-02-17,44.70187533682722,-122.18965342969304,0.225161715470447
2020-02-17,44.72073995779373,-122.13144259928208,0.88516068484843
2020-02-17,44.70618725019099,-122.19073140803395,0.2545298651348804
2020-02-17,44.69756342346345,-122.20582310480718,0.5174154334450463
2020-02-17,44.70403129350911,-122.18426353798831,0.588547410469428
2020-02-17,44.69756342346345,-122.23492852001266,0.6991692797230382
2020-02-17,44.69918039097486,-122.23708447669456,0.7602864833975739
2020-02-17,44.725590860327976,-122.15138519858954,0.9162907318741551
2020-02-17,44.70780421770241,-122.17024981955603,2.623632859289627
2020-02-17,44.70349230433864,-122.19127039720443,0.25077751551632993
2020-02-17,44.71966197945279,-122.18588050549972,0.9023082507753984
2020-02-17,44.71427208774807,-122.1691718412151,0.8185944547845091
2020-02-17,44.73637064373741,-122.15677509029426,1.3787660946990992
2020-02-17,44.68786161839496,-122.20366714812528,0.8459643490547757
2020-02-17,44.70403129350911,-122.23870144420596,0.8637984518691396
2020-02-17,44.70780421770241,-122.18372454881784,0.7122299949763858
2020-02-17,44.70187533682722,-122.22899963913748,2.1744338070004785
2020-02-17,44.72397389281656,-122.14922924190763,0.8329955570939374
2020-02-17,44.70888219604336,-122.18372454881784,0.6565577331276531
2020-02-17,44.70133634765675,-122.2360064983536,0.8118757052136337
2020-02-17,44.69918039097486,-122.2435523467402,0.7951029800894422
2020-02-17,44.73906558958977,-122.15623610112378,1.486835590341768
2020-02-17,44.69918039097486,-122.2300776174784,0.7049057339980233
2020-02-17,44.73690963290788,-122.15893104697616,0.8093940268448032
2020-02-17,44.69810241263392,-122.228460649967,0.706219262127298
2020-02-17,44.70133634765675,-122.24031841171735,0.8185872521639896
2020-02-17,44.716428044429954,-122.18210758130644,0.8178070577461879
2020-02-17,44.72181793613468,-122.13252057762304,0.9175124791244775
2020-02-17,44.72235692530514,-122.15623610112378,0.8016873491351513
2020-02-17,44.71588905525949,-122.25217617346776,1.1771076072514575
2020-02-17,44.69001757507685,-122.20582310480718,0.8812782629427701
2020-02-17,44.67708183498552,-122.19666028890916,1.047035480599125
2020-02-17,44.70726522853194,-122.19288736471586,0.352077234690103
2020-02-17,44.68678364005401,-122.20205018061388,1.2840155119994725
2020-02-17,44.69540746678156,-122.2397794225469,2.3745515423968766
2020-02-17,44.72612984949845,-122.15515812278284,0.7786426687110387
2020-02-17,44.737987611248826,-122.15731407946473,0.8237218892085452
2020-02-17,44.69810241263392,-122.22684368245558,0.8497018776660469
2020-02-17,44.72073995779373,-122.1788736462836,0.7648723311404663
2020-02-17,44.67923779166741,-122.19288736471586,1.0318490725084273
2020-02-17,44.71211613106618,-122.1885754513521,0.8501707905400295
2020-02-17,44.71427208774807,-122.19073140803395,0.8066507886658901
2020-02-17,44.70025836931581,-122.24463032508116,0.8411380094948103
2020-02-17,44.69001757507685,-122.20043321310249,2.2279962360029733
2020-02-17,44.71103815272524,-122.24409133591068,1.544679345085937
2020-02-17,44.725051871157504,-122.17779566794266,0.98417072893922
2020-02-17,44.69864140180439,-122.23061660664888,0.7039091082743995
2020-02-17,44.684088694201655,-122.19719927807964,1.0811286150175254
2020-02-17,44.70780421770241,-122.17833465711313,0.7481414007378555
2020-02-17,44.694329488440616,-122.20851805065952,0.5824816126724257
2020-02-17,44.69864140180439,-122.228460649967,0.8025918712991749
2020-02-17,44.69702443429298,-122.22522671494416,0.68687756754635
2020-02-17,44.69379049927014,-122.21552490987568,0.8730386025006082
2020-02-17,44.7099601743843,-122.17240577623794,0.9199649552360395
2020-02-17,44.6927125209292,-122.20205018061388,0.8273118185882147
2020-02-17,44.716967033600426,-122.1901924188635,0.9336105392558551
2020-02-17,44.71804501194137,-122.15461913361236,1.0009738191041937
2020-02-17,44.71157714189571,-122.24247436839926,0.8459846625622431
2020-02-17,44.7175060227709,-122.18318555964736,0.8359179367244413
2020-02-17,44.69540746678156,-122.20636209397766,0.5280674302004967
2020-02-17,44.71912299028232,-122.1292866426002,0.9876366312397513
2020-02-17,44.71588905525949,-122.18911444052256,0.8613030588095058
2020-02-17,44.712655120236654,-122.16432093868086,0.8826104827864041
2020-02-17,44.71103815272524,-122.23816245503548,0.8157084630367312
2020-02-17,44.696485445122505,-122.21067400734142,0.6440575703634218
2020-02-17,44.71858400111184,-122.1600090253171,1.1786549963416462
2020-02-17,44.716967033600426,-122.24301335756974,0.8149099609770019
2020-02-17,44.727746817009866,-122.17078880872651,0.7735605331598895
2020-02-17,44.715350066089016,-122.1637819495104,0.7817005779013904
2020-02-17,44.716428044429954,-122.16971083038558,0.7970247616495687
2020-02-17,44.69971938014533,-122.22630469328512,1.545714611308879
2020-02-17,44.71588905525949,-122.171327797897,0.7887070794316187
2020-02-17,44.72451288198703,-122.16324296033991,0.8588336768493678
2020-02-17,44.7137330985776,-122.24409133591068,0.8443326988373688
2020-02-17,44.72397389281656,-122.18102960296548,0.9219746715558659
2020-02-17,44.721278946964205,-122.13359855596396,0.989824815920304
2020-02-17,44.7137330985776,-122.16593790619228,1.0826119473216687
2020-02-17,44.716967033600426,-122.18156859213596,0.7538720837213486
2020-02-17,44.692173531758726,-122.25325415180868,1.3356506283011358
2020-02-17,44.69918039097486,-122.22738267162605,0.8373650158861283
2020-02-17,44.72936378452128,-122.1637819495104,0.7661723155748351
2020-02-17,44.68462768337213,-122.1977382672501,1.1412930197829902
2020-02-17,44.73044176286222,-122.1691718412151,0.836493815033858
2020-02-17,44.72666883866892,-122.14761227439624,0.7982316328792014
2020-02-17,44.70888219604336,-122.18588050549972,0.29327180193056773
2020-02-17,44.73313670871458,-122.15893104697616,0.8763741244687127
2020-02-17,44.7137330985776,-122.18210758130644,0.8438586924627057
2020-02-17,44.721278946964205,-122.17617870043124,1.5362345084108053
2020-02-17,44.715350066089016,-122.24624729259256,0.6535537271401878
2020-02-17,44.727746817009866,-122.1600090253171,0.9111240332111374
2020-02-17,44.73205873037364,-122.16593790619228,0.8467864299050285
2020-02-17,44.69810241263392,-122.20097220227294,0.33280250773225045
2020-02-17,44.7175060227709,-122.15839205780568,0.8953840470548413
2020-02-17,44.7288247953508,-122.171327797897,0.9140024013561429
2020-02-17,44.737448622078354,-122.15731407946473,0.8220920749704863
2020-02-17,44.694329488440616,-122.22307075826228,0.8515958612728791
2020-02-17,44.71588905525949,-122.18372454881784,0.8306769791511632
2020-02-17,44.69486847761109,-122.22199277992134,0.8569784780979272
2020-02-17,44.70942118521383,-122.18372454881784,0.7303474642460358
2020-02-17,44.72612984949845,-122.15893104697616,0.9022516244005602
2020-02-17,44.70510927185005,-122.18210758130644,2.0794415416798357
2020-02-17,44.725590860327976,-122.16216498199896,0.9038448743804103
2020-02-17,44.70349230433864,-122.19719927807964,0.42373687434411983
2020-02-17,44.69540746678156,-122.20312815895484,0.4054651081081644
2020-02-17,44.70403129350911,-122.19342635388634,0.29661070319608224
2020-02-17,44.69594645595203,-122.2112129965119,0.668083211896729
2020-02-17,44.692173531758726,-122.20312815895484,0.7423611633413582
2020-02-17,44.69325151009967,-122.20151119144342,1.0712133144799951
2020-02-17,44.725590860327976,-122.17725667877218,0.9597491476034195
2020-02-17,44.72612984949845,-122.17725667877218,0.9478196794828175
2020-02-17,44.72828580618033,-122.1729447654084,0.8916707119301804
2020-02-17,44.72397389281656,-122.18210758130644,0.8789383014912067
2020-02-17,44.712655120236654,-122.16216498199896,0.9582549309731873
2020-02-17,44.72073995779373,-122.25055920595634,1.006507973757418
2020-02-17,44.710499163554765,-122.23708447669456,0.7889787538000076
2020-02-17,44.69325151009967,-122.21929783406898,0.3323428432792017
2020-02-17,44.696485445122505,-122.23331155250123,1.2199731456723772
2020-02-17,44.696485445122505,-122.22307075826228,0.4026362519076867
2020-02-17,44.69594645595203,-122.1977382672501,0.3118716669228941
2020-02-17,44.7175060227709,-122.12605270757736,0.791728009232393
2020-02-17,44.71427208774807,-122.2451693142516,0.8443234382061642
2020-02-17,44.72451288198703,-122.171327797897,0.7360756594195682
2020-02-17,44.72343490364609,-122.15677509029426,0.820316643154172
2020-02-17,44.69918039097486,-122.20797906148908,0.7448485549368358
2020-02-17,44.68354970503118,-122.19504332139776,0.9637988445859316
2020-02-17,44.69540746678156,-122.21390794236426,0.9168355425659203
2020-02-17,44.68301071586071,-122.19288736471586,1.1808912332411712
2020-02-17,44.71319410940713,-122.1901924188635,0.8840352711051424
2020-02-17,44.72666883866892,-122.16485992785134,0.8722377167724535
2020-02-17,44.725590860327976,-122.1788736462836,0.898650627253882
2020-02-17,44.70403129350911,-122.1901924188635,0.24151042818428525
2020-02-17,44.714811076918544,-122.1826465704769,0.8353574200152856
2020-02-17,44.70618725019099,-122.24139639005833,0.90467234392029
2020-02-17,44.70025836931581,-122.19719927807964,0.29001579579800113
2020-02-17,44.706726239361466,-122.237623465865,0.7078894622971488
2020-02-17,44.69864140180439,-122.22360974743276,2.752793491365952
2020-02-17,44.70780421770241,-122.23492852001266,0.7796725308085373
2020-02-17,44.70564826102052,-122.23870144420596,0.7142005897577778
2020-02-17,44.72451288198703,-122.15138519858954,0.7581827853076949
2020-02-17,44.71211613106618,-122.1675548737037,1.848592943991221
2020-02-17,44.69001757507685,-122.20636209397766,0.8806584594813981
2020-02-17,44.70079735848628,-122.20151119144342,0.5120986984127889
2020-02-17,44.69001757507685,-122.21282996402331,1.7147984280919266
2020-02-17,44.7137330985776,-122.18588050549972,0.7744654329831155
2020-02-17,44.71588905525949,-122.15839205780568,0.6931471805599453
2020-02-17,44.6851666725426,-122.199894223932,0.9640813957105036
2020-02-17,44.73205873037364,-122.16432093868086,0.8236549388091543
2020-02-17,44.67869880249694,-122.1939653430568,0.9622240651806919
2020-02-17,44.71319410940713,-122.18426353798831,0.7719647569113088
2020-02-17,44.725051871157504,-122.17024981955603,0.7305545893736799
2020-02-17,44.7137330985776,-122.18534151632926,0.7862848374497438
2020-02-17,44.7137330985776,-122.18102960296548,0.7988464130998878
2020-02-17,44.716428044429954,-122.25163718429728,1.410225740475722
2020-02-17,44.72181793613468,-122.18156859213596,0.7995275841185171
2020-02-17,44.69486847761109,-122.22414873660324,0.4388342492827826
2020-02-17,44.71858400111184,-122.15893104697616,1.0479685558493548
2020-02-17,44.7175060227709,-122.1885754513521,0.8676845998495236
2020-02-17,44.70888219604336,-122.171327797897,0.930523435700692
2020-02-17,44.731519741203165,-122.16485992785134,0.799513382296423
2020-02-17,44.70187533682722,-122.19719927807964,0.3777082241095006
2020-02-17,44.725051871157504,-122.16971083038558,0.7205903878565487
2020-02-17,44.69971938014533,-122.19073140803395,0.20890119459866657
2020-02-17,44.70025836931581,-122.237623465865,0.7994568005718508
2020-02-17,44.715350066089016,-122.18480252715878,0.8547451434624874
2020-02-17,44.71103815272524,-122.18588050549972,0.4568782993845342
2020-02-17,44.68570566171307,-122.199894223932,0.9150320784669589
2020-02-17,44.696485445122505,-122.20690108314813,0.49972980951093626
2020-02-17,44.72720782783939,-122.16647689536276,0.7225901451636055
2020-02-17,44.7175060227709,-122.1616259928285,1.289667525430819
2020-02-17,44.71804501194137,-122.15569711195332,0.831733343846092
2020-02-17,44.73690963290788,-122.15731407946473,1.064058011841847
2020-02-17,44.69810241263392,-122.20797906148908,0.5749417584136495
2020-02-17,44.716428044429954,-122.16108700365804,0.8342257788198507
2020-02-17,44.70834320687288,-122.24247436839926,1.11086782850254
2020-02-17,44.67654284581505,-122.1885754513521,1.7695009986271124
2020-02-17,44.715350066089016,-122.1788736462836,0.7309276073864474
2020-02-17,44.73044176286222,-122.16270397116944,0.8579221303074328
2020-02-17,44.72181793613468,-122.15947003614662,0.8285655280286024
2020-02-17,44.7137330985776,-122.17078880872651,0.799114492352895
2020-02-17,44.721278946964205,-122.15515812278284,0.7943634467599097
2020-02-17,44.722895914475615,-122.15354115527144,0.7883043888931512
2020-02-17,44.73044176286222,-122.16809386287416,0.824766479840888
2020-02-17,44.677620824156,-122.19504332139776,1.329135947279942
2020-02-17,44.68678364005401,-122.20097220227294,0.8107477511122735
2020-02-17,44.69486847761109,-122.20366714812528,0.39811213380290555
2020-02-17,44.69594645595203,-122.22792166079653,0.42712660488934384
2020-02-17,44.70888219604336,-122.23708447669456,0.7814651452928868
2020-02-17,44.712655120236654,-122.2451693142516,1.2749682251804497
2020-02-17,44.69486847761109,-122.20797906148908,0.5578058326901831
2020-02-17,44.722895914475615,-122.24786426010398,1.1219880791187604
2020-02-17,44.702414325997694,-122.23708447669456,0.8109302162163288
2020-02-17,44.71858400111184,-122.17779566794266,0.9563382330034305
2020-02-17,44.73044176286222,-122.16593790619228,0.7182555884871701
2020-02-17,44.69971938014533,-122.23546750918312,0.6931471805599453
2020-02-17,44.71319410940713,-122.1691718412151,1.123003741792269
2020-02-17,44.71912299028232,-122.17833465711313,0.722578536117597
2020-02-17,44.715350066089016,-122.16270397116944,1.1451323043030026
2020-02-17,44.71103815272524,-122.17779566794266,0.8307353738800822
2020-02-17,44.68570566171307,-122.20043321310249,0.9919427652147611
2020-02-17,44.69756342346345,-122.21175198568235,0.7909794297969801
2020-02-17,44.72181793613468,-122.17671768960172,0.7372488153305565
2020-02-17,44.696485445122505,-122.22738267162605,0.7944296247343927
2020-02-17,44.72666883866892,-122.15138519858954,0.8499103437308324
2020-02-17,44.733675697885054,-122.15839205780568,1.1934432543743694
2020-02-17,44.72936378452128,-122.1616259928285,0.9763855608592988
2020-02-17,44.71211613106618,-122.17456173291984,1.2443240998495033
2020-02-17,44.70834320687288,-122.19127039720443,0.2819316253233431
2020-02-17,44.7175060227709,-122.1788736462836,0.7356070028788664
2020-02-17,44.71912299028232,-122.25055920595634,1.2853065162278394
2020-02-17,44.72720782783939,-122.17186678706749,0.8529229631115106
2020-02-17,44.68786161839496,-122.20043321310249,0.9341218135172275
2020-02-17,44.69379049927014,-122.22360974743276,1.1539623837512747
2020-02-17,44.70888219604336,-122.17995162462454,1.1700712526502546
2020-02-17,44.702414325997694,-122.19342635388634,0.27388875031944504
2020-02-17,44.725051871157504,-122.1384494584982,0.8635401664886262
2020-02-17,44.72397389281656,-122.18588050549972,1.103399629794426
2020-02-17,44.71319410940713,-122.24409133591068,0.8668489469953509
2020-02-17,44.716428044429954,-122.17779566794266,0.8801784829287777
2020-02-17,44.71157714189571,-122.18426353798831,0.8832357666915595
2020-02-17,44.7288247953508,-122.17024981955603,0.8353216693404878
2020-02-17,44.69594645595203,-122.21175198568235,0.7049816382069481
2020-02-17,44.72612984949845,-122.14330036103246,0.8783714970118612
2020-02-17,44.72990277369175,-122.16216498199896,0.850572376684035
2020-02-17,44.70834320687288,-122.17671768960172,0.8649974374866045
2020-02-17,44.725051871157504,-122.15515812278284,0.7647872079018276
2020-02-17,44.72020096862326,-122.18156859213596,0.8678556655823059
2020-02-17,44.69756342346345,-122.19127039720443,1.7190001149456267
2020-02-17,44.72666883866892,-122.14383935020294,0.9025224532549245
2020-02-17,44.702953315168166,-122.23870144420596,0.8105092522025348
2020-02-17,44.71319410940713,-122.16432093868086,0.7264978558934314
2020-02-17,44.706726239361466,-122.1923483755454,0.3248956687922153
2020-02-17,44.69918039097486,-122.20582310480718,0.49817450621243187
2020-02-17,44.68840060756543,-122.19935523476153,0.9970782859028062
2020-02-17,44.7175060227709,-122.1578530686352,0.7191226669632058
2020-02-17,44.722895914475615,-122.1540801444419,0.7684740105947592
2020-02-17,44.68840060756543,-122.20097220227294,0.867964169902035
2020-02-17,44.69864140180439,-122.22899963913748,0.7578433185313205
2020-02-17,44.67438688913316,-122.19612129973868,1.030597412369135
2020-02-17,44.72451288198703,-122.15569711195332,0.7743708344828045
2020-02-17,44.68301071586071,-122.19666028890916,0.9911103096989977
2020-02-17,44.72990277369175,-122.15893104697616,0.9603013953092905
2020-02-17,44.69810241263392,-122.19935523476153,0.2734974374598244
2020-02-17,44.6927125209292,-122.21552490987568,0.8752430291935919
2020-02-17,44.714811076918544,-122.24678628176304,2.656398804651746
2020-02-17,44.725590860327976,-122.15947003614662,0.9014155421091111
2020-02-17,44.7137330985776,-122.17563971126076,0.7958287513349047
2020-02-17,44.70888219604336,-122.1788736462836,1.3862943611198906
2020-02-17,44.71103815272524,-122.1729447654084,1.1526795099383853
2020-02-17,44.721278946964205,-122.15623610112378,0.8228250038684779
2020-02-17,44.70079735848628,-122.23492852001266,0.8073048346020119
2020-02-17,44.72073995779373,-122.15461913361236,0.7898430018780837
2020-02-17,44.702953315168166,-122.23816245503548,0.8439181086233355
2020-02-17,44.69486847761109,-122.22576570411464,0.8461723678654692
2020-02-17,44.7175060227709,-122.1864194946702,0.9823564705006677
2020-02-17,44.69325151009967,-122.2149859207052,0.888571962352327
2020-02-17,44.702414325997694,-122.1939653430568,0.3051345224030071
2020-02-17,44.72720782783939,-122.17402274374936,0.8400074271245243
2020-02-17,44.72936378452128,-122.1675548737037,0.7154566408275741
2020-02-17,44.71858400111184,-122.1826465704769,0.8475784833720674
2020-02-17,44.70025836931581,-122.19666028890916,0.26720354110824024
2020-02-17,44.71912299028232,-122.18480252715878,0.8557287124387177
2020-02-17,44.71858400111184,-122.15947003614662,1.160744069775116
2020-02-17,44.72181793613468,-122.13198158845256,1.4803669170038656
2020-02-17,44.72073995779373,-122.15138519858954,0.8888499857192014
2020-02-17,44.72451288198703,-122.15623610112378,0.8339296179637129
2020-02-17,44.72828580618033,-122.16324296033991,0.9866872639057754
2020-02-17,44.725051871157504,-122.16432093868086,0.9127580509355218
2020-02-17,44.70942118521383,-122.17833465711313,1.2992829841302609
2020-02-17,44.716428044429954,-122.1653989170218,1.0560526742493137
2020-02-17,44.725051871157504,-122.18102960296548,0.899639098281713
2020-02-17,44.725051871157504,-122.142761371862,1.3685947840204897
2020-02-17,44.69109555341779,-122.21552490987568,0.900891876869281
2020-02-17,44.70079735848628,-122.1977382672501,0.29327180193056773
2020-02-17,44.716428044429954,-122.1901924188635,0.8914606891218754
2020-02-17,44.70618725019099,-122.23654548752408,0.7650756438632333
2020-02-17,44.69594645595203,-122.22953862830794,1.167886414551515
2020-02-17,44.684088694201655,-122.19666028890916,1.0747033036693243
2020-02-17,44.721278946964205,-122.17779566794266,0.7644834225685669
2020-02-17,44.727746817009866,-122.14383935020294,0.8117611261104162
2020-02-17,44.69864140180439,-122.21229097485283,1.1752047341494933
2020-02-17,44.716967033600426,-122.1578530686352,0.9019019944220555
2020-02-17,44.69325151009967,-122.22199277992134,1.915988469190264
2020-02-17,44.70079735848628,-122.18965342969304,0.20668227426013774
2020-02-17,44.69918039097486,-122.20905703983,0.8681157630486411
2020-02-17,44.702414325997694,-122.2360064983536,0.8189522956744085
2020-02-17,44.702953315168166,-122.19180938637491,0.27054579020879355
2020-02-17,44.725051871157504,-122.16485992785134,0.9071938530273245
2020-02-17,44.716428044429954,-122.16054801448756,0.7731898882334819
2020-02-17,44.70834320687288,-122.18210758130644,0.7986595285084535
2020-02-17,44.7099601743843,-122.24301335756974,1.3546391600705834
2020-02-17,44.69864140180439,-122.20312815895484,0.4315020818911597
2020-02-17,44.71211613106618,-122.17078880872651,1.5546296759391054
2020-02-17,44.70187533682722,-122.24139639005833,0.8275343712683639
2020-02-17,44.67438688913316,-122.19558231056824,1.076479760319107
2020-02-17,44.7137330985776,-122.1923483755454,0.8737851262588073
2020-02-17,44.7288247953508,-122.1653989170218,0.7264874873639919
2020-02-17,44.733675697885054,-122.1653989170218,1.750165571929218
2020-02-17,44.71319410940713,-122.19127039720443,0.933809612085401
2020-02-17,44.716428044429954,-122.1578530686352,0.9682504708048661
2020-02-17,44.6927125209292,-122.20636209397766,0.6466271649250525
2020-02-17,44.72397389281656,-122.17617870043124,0.856766471140821
2020-02-17,44.7137330985776,-122.16324296033991,0.6799019538099248
2020-02-17,44.72020096862326,-122.1578530686352,1.13370360847938
2020-02-17,44.716967033600426,-122.16863285204464,1.4625998794531285
2020-02-17,44.725590860327976,-122.16593790619228,0.865729088056341
2020-02-17,44.72020096862326,-122.1826465704769,0.8510611932837133
2020-02-17,44.71912299028232,-122.24624729259256,0.8642363761152448
2020-02-17,44.7137330985776,-122.16647689536276,1.0116009116784799
2020-02-17,44.73259771954411,-122.15893104697616,0.8705760937260315
2020-02-17,44.70025836931581,-122.20366714812528,0.7841847330939754
2020-02-17,44.72073995779373,-122.1826465704769,0.8434653085262107
2020-02-17,44.733675697885054,-122.15947003614662,0.863184482132611
2020-02-17,44.72235692530514,-122.2494812276154,0.8761120310396417
2020-02-17,44.71157714189571,-122.18318555964736,0.8263724538567643
2020-02-17,44.712655120236654,-122.17995162462454,0.7702731837551742
2020-02-17,44.71804501194137,-122.1600090253171,0.965080896043587
2020-02-17,44.69540746678156,-122.2494812276154,1.1918187046752526
2020-02-17,44.69918039097486,-122.24139639005833,4.051784947803305
2020-02-17,44.715350066089016,-122.16108700365804,0.8353574200152856
2020-02-17,44.725590860327976,-122.17510072209028,0.8958349987888284
2020-02-17,44.68840060756543,-122.199894223932,0.8973065746330059
2020-02-17,44.69594645595203,-122.21929783406898,0.5002435144354538
2020-02-17,44.68624465088354,-122.199894223932,1.0487799149202341
2020-02-17,44.71211613106618,-122.17995162462454,0.7765079667939181
2020-02-17,44.71804501194137,-122.16432093868086,0.917256448994114
2020-02-17,44.71427208774807,-122.15839205780568,0.9514381196398005
2020-02-17,44.7175060227709,-122.1826465704769,0.8326736860627914
2020-02-17,44.70780421770241,-122.17563971126076,0.9301477665355813
2020-02-17,44.70942118521383,-122.19450433222728,0.8744717282982314
2020-02-17,44.69594645595203,-122.20366714812528,0.4719857904497268
2020-02-17,44.67977678083789,-122.1939653430568,0.9258995909807919
2020-02-17,44.6927125209292,-122.25379314097916,0.9704437285232737
2020-02-17,44.70025836931581,-122.22953862830794,0.83527968869356
2020-02-17,44.727746817009866,-122.14869025273718,0.8608481080818806
2020-02-17,44.716428044429954,-122.16863285204464,0.8963754221732138
2020-02-17,44.71966197945279,-122.1864194946702,0.8834163567555191
2020-02-17,44.70726522853194,-122.1788736462836,0.7939290407579885
2020-02-17,44.7288247953508,-122.15839205780568,0.9055354259526839
2020-02-17,44.72990277369175,-122.1691718412151,0.8364679183381846
2020-02-17,44.69864140180439,-122.19073140803395,0.6931471805599453
2020-02-17,44.69756342346345,-122.19612129973868,0.28271928310965194
2020-02-17,44.710499163554765,-122.2435523467402,2.199573374657975
2020-02-17,44.72343490364609,-122.15300216610096,0.7897460203364184
2020-02-17,44.70726522853194,-122.19073140803395,0.24971057869893162
2020-02-17,44.69864140180439,-122.19666028890916,0.2723786543118943
2020-02-17,44.70403129350911,-122.19504332139776,0.32047189527477177
2020-02-17,44.704570282679576,-122.23438953084218,0.7845321648374161
2020-02-17,44.69756342346345,-122.22684368245558,0.8451720503297141
2020-02-17,44.70618725019099,-122.19612129973868,0.8269802171463349
2020-02-17,44.72235692530514,-122.17563971126076,0.7448710117552579
2020-02-17,44.72397389281656,-122.13467653430492,0.9930710882144173
2020-02-17,44.72020096862326,-122.18534151632926,0.9710779155159615
2020-02-17,44.71858400111184,-122.1885754513521,0.9774075217005648
2020-02-17,44.69702443429298,-122.19935523476153,0.27121558259820105
2020-02-17,44.71804501194137,-122.18480252715878,0.8522854018982425
2020-02-17,44.7137330985776,-122.18156859213596,0.8180048831488076
2020-02-17,44.70079735848628,-122.228460649967,0.9094802628716283
2020-02-17,44.702953315168166,-122.18480252715878,6.48768401848461
2020-02-17,44.67600385664458,-122.19558231056824,1.293481061514153
2020-02-17,44.69594645595203,-122.24139639005833,1.5820286501272198
2020-02-17,44.72451288198703,-122.1540801444419,0.78647462602064
2020-02-17,44.69540746678156,-122.19558231056824,1.4663370687934272
2020-02-17,44.70888219604336,-122.23492852001266,0.8026642897121052
2020-02-17,44.715350066089016,-122.16971083038558,0.7370350737437159
2020-02-17,44.69486847761109,-122.25163718429728,0.7363971643537618
2020-02-17,44.72020096862326,-122.24624729259256,0.7766578134331149
2020-02-17,44.71319410940713,-122.17725667877218,0.7814371506478418
2020-02-17,44.69540746678156,-122.21606389904616,0.708796952227073
2020-02-17,44.70834320687288,-122.17456173291984,0.9392802500988539
2020-02-17,44.72828580618033,-122.14330036103246,1.164889126750731
2020-02-17,44.725051871157504,-122.17725667877218,0.8984224780433091
2020-02-17,44.70834320687288,-122.17402274374936,0.902072482871876
2020-02-17,44.71157714189571,-122.17186678706749,1.7346010553881064
2020-02-17,44.71966197945279,-122.2451693142516,0.8790731089015758
2020-02-17,44.70618725019099,-122.18749747301116,0.241530177564649
2020-02-17,44.71319410940713,-122.17348375457888,0.8109302162163288
2020-02-17,44.710499163554765,-122.17725667877218,0.8066461430963034
2020-02-17,44.73098075203269,-122.16593790619228,0.8471664284359071
2020-02-17,44.72612984949845,-122.14922924190763,0.8467555610246725
2020-02-17,44.72235692530514,-122.13467653430492,0.9563935385865432
2020-02-17,44.716428044429954,-122.24624729259256,0.6343066805370119
2020-02-17,44.71858400111184,-122.24624729259256,0.7556407677215724
2020-02-17,44.70834320687288,-122.237623465865,0.7842510225262475
2020-02-17,44.70726522853194,-122.23816245503548,0.706940502692281
2020-02-17,44.694329488440616,-122.20797906148908,0.5906855995979954
2020-02-17,44.69163454258826,-122.21444693153472,0.8132043125746073
2020-02-17,44.716967033600426,-122.16216498199896,1.0986122886681098
2020-02-17,44.725590860327976,-122.14869025273718,0.8451971441823327
2020-02-17,44.7099601743843,-122.19450433222728,2.0267530604597606
2020-02-17,44.69055656424732,-122.21390794236426,1.3862943611198906
2020-02-17,44.71966197945279,-122.15461913361236,0.8109302162163288
2020-02-17,44.702953315168166,-122.19288736471586,0.27443684570176036
2020-02-17,44.696485445122505,-122.2187588448985,0.8761423648633742
2020-02-17,44.70618725019099,-122.19558231056824,0.5962227954010794
2020-02-17,44.71588905525949,-122.16593790619228,0.9932517730102834
2020-02-17,44.69594645595203,-122.21013501817096,0.6049843929652736
2020-02-17,44.696485445122505,-122.24678628176304,1.2510209245037285
2020-02-17,44.72666883866892,-122.16054801448756,0.8530417015664556
2020-02-17,44.70025836931581,-122.18695848384068,1.104881901681705
2020-02-17,44.69486847761109,-122.21175198568235,0.7650056993292205
2020-02-17,44.69756342346345,-122.20474512646624,0.5052545787165353
2020-02-17,44.73583165456694,-122.1616259928285,0.9324244033390745
2020-02-17,44.71211613106618,-122.24031841171735,0.8087031743300389
2020-02-17,44.70780421770241,-122.19180938637491,0.3034659401530429
2020-02-17,44.704570282679576,-122.19073140803395,0.26602057567060156
2020-02-17,44.69379049927014,-122.20636209397766,0.6067376693724142
2020-02-17,44.72020096862326,-122.15461913361236,0.7832097190092636
2020-02-17,44.69594645595203,-122.2322335741603,1.6126328033306196
2020-02-17,44.731519741203165,-122.16324296033991,0.7484458207561709
2020-02-17,44.70133634765675,-122.23870144420596,0.8057809530096667
2020-02-17,44.714811076918544,-122.1578530686352,0.923316088925872
2020-02-17,44.6927125209292,-122.21929783406898,1.2237754316221157
2020-02-17,44.72720782783939,-122.15893104697616,0.8896013421744664
2020-02-17,44.735292665396464,-122.1600090253171,0.80014569822201
2020-02-17,44.71966197945279,-122.24570830342208,0.9115483216063203
2020-02-17,44.69163454258826,-122.21714187738708,1.6007042324653458
2020-02-17,44.694329488440616,-122.2225317690918,0.8384605935714486
2020-02-17,44.71858400111184,-122.24301335756974,1.245137793190147
2020-02-17,44.716428044429954,-122.1637819495104,1.2039728043259361
2020-02-17,44.69702443429298,-122.20851805065952,0.4647079416710252
2020-02-17,44.68732262922448,-122.20151119144342,0.8678264405283322
2020-02-17,44.716428044429954,-122.15677509029426,0.9765095918672098
2020-02-17,44.71858400111184,-122.15515812278284,1.122142786078304
2020-02-17,44.70133634765675,-122.24139639005833,0.8423446899288674
2020-02-17,44.716428044429954,-122.16485992785134,1.0986122886681098
2020-02-17,44.722895914475615,-122.18156859213596,0.8787405327473915
2020-02-17,44.7175060227709,-122.24624729259256,0.5691495389033746
2020-02-17,44.70888219604336,-122.18318555964736,0.7916676359945184
2020-02-17,44.69918039097486,-122.24409133591068,0.7586708378128854
2020-02-17,44.72666883866892,-122.1675548737037,0.7291932455268022
2020-02-17,44.69864140180439,-122.19450433222728,0.2746255071493531
2020-02-17,44.70025836931581,-122.20582310480718,0.8687975985368773
2020-02-17,44.73421468705553,-122.1637819495104,0.961510108482498
2020-02-17,44.70187533682722,-122.2322335741603,0.7920978956329767
2020-02-17,44.71966197945279,-122.24409133591068,1.3167116930956413
2020-02-17,44.69163454258826,-122.20420613729576,0.5922486596055705
2020-02-17,44.7175060227709,-122.1600090253171,0.990398704027877
2020-02-17,44.70834320687288,-122.17510072209028,0.9128164956059688
2020-02-17,44.70942118521383,-122.17941263545409,1.2237754316221157
2020-02-17,44.69702443429298,-122.22468772577368,0.4237026956579453
2020-02-17,44.70618725019099,-122.23331155250123,0.81027640775891
2020-02-17,44.70888219604336,-122.18695848384068,0.2787134024690205
2020-02-17,44.71319410940713,-122.18749747301116,0.7937802535236439
2020-02-17,44.70834320687288,-122.23492852001266,0.7833604814378587
2020-02-17,44.72451288198703,-122.16971083038558,0.7285773888203562
2020-02-17,44.706726239361466,-122.19666028890916,0.9019540877942274
2020-02-17,44.70349230433864,-122.23546750918312,0.7399128662611764
2020-02-17,44.72451288198703,-122.14976823107811,0.7466214405546029
2020-02-17,44.69810241263392,-122.22199277992134,1.3583089957018202
2020-02-17,44.70726522853194,-122.1826465704769,0.7329047790244136
2020-02-17,44.70510927185005,-122.18426353798831,0.6931471805599453
2020-02-17,44.72828580618033,-122.17240577623794,0.8766141191366497
2020-02-17,44.72451288198703,-122.13952743683916,0.9852836033611067
2020-02-17,44.70726522853194,-122.18695848384068,0.2740426793584622
2020-02-17,44.72666883866892,-122.1637819495104,0.8766964845922224
2020-02-17,44.69864140180439,-122.20097220227294,0.32431620563156127
2020-02-17,44.69971938014533,-122.20797906148908,0.7766079159430952
2020-02-17,44.72397389281656,-122.17186678706749,0.7314054536634496
2020-02-17,44.72666883866892,-122.14599530688484,0.8200835982028162
2020-02-17,44.69756342346345,-122.24463032508116,0.865367641367396
2020-02-17,44.725590860327976,-122.1616259928285,0.9165296519565245
2020-02-17,44.715350066089016,-122.18210758130644,0.7719923484899084
2020-02-17,44.70780421770241,-122.17240577623794,1.6004423495255224
2020-02-17,44.70133634765675,-122.1977382672501,0.31633732821215704
2020-02-17,44.725590860327976,-122.171327797897,0.7376214122638085
2020-02-17,44.716967033600426,-122.15461913361236,1.3397743454849977
2020-02-17,44.710499163554765,-122.18911444052256,0.3382865703514529
2020-02-17,44.69486847761109,-122.21821985572804,0.43428554664365626
2020-02-17,44.71966197945279,-122.15084620941909,1.405342556090585
2020-02-17,44.70726522853194,-122.1939653430568,0.5306282510621704
2020-02-17,44.716967033600426,-122.12820866425926,0.8861213014701074
2020-02-17,44.73205873037364,-122.1600090253171,0.8659983829074374
2020-02-17,44.72828580618033,-122.15893104697616,0.9155820983261357
2020-02-17,44.71211613106618,-122.1880364621816,0.7055697005585024
2020-02-17,44.72073995779373,-122.15515812278284,0.8025107930598965
2020-02-17,44.69918039097486,-122.20528411563672,0.45462434406624797
2020-02-17,44.69864140180439,-122.20905703983,0.5820886437874813
2020-02-17,44.7175060227709,-122.13090361011162,0.9407942549300689
2020-02-17,44.69325151009967,-122.2166028882166,0.9492410297035081
2020-02-17,44.7137330985776,-122.24301335756974,0.8092849218698583
2020-02-17,44.72612984949845,-122.14383935020294,0.8627064857400488
2020-02-17,44.72936378452128,-122.171327797897,0.9510493652393291
2020-02-17,44.721278946964205,-122.15731407946473,0.786489958815704
2020-02-17,44.73475367622599,-122.1578530686352,1.9434651600622468
2020-02-17,44.72720782783939,-122.1637819495104,0.8851811782895048
2020-02-17,44.69864140180439,-122.18965342969304,0.8962437999288643
2020-02-17,44.704570282679576,-122.24139639005833,1.678718026144254
2020-02-17,44.72828580618033,-122.14383935020294,0.9737444140413394
2020-02-17,44.69864140180439,-122.23331155250123,0.7092639837943652
2020-02-17,44.725051871157504,-122.17186678706749,0.7377634521981307
2020-02-17,44.694329488440616,-122.25055920595634,4.769742561277764
2020-02-17,44.722895914475615,-122.15084620941909,0.8356769763122538
2020-02-17,44.704570282679576,-122.2397794225469,0.7884573603642703
2020-02-17,44.69540746678156,-122.25002021678588,1.327453861096957
2020-02-17,44.67869880249694,-122.19288736471586,1.0375245966882713
2020-02-17,44.71319410940713,-122.18156859213596,0.7883179729716343
2020-02-17,44.69918039097486,-122.228460649967,0.8110858945851339
2020-02-17,44.69540746678156,-122.22199277992134,0.371563556432483
2020-02-17,44.714811076918544,-122.24463032508116,0.8503121806801265
2020-02-17,44.69486847761109,-122.1977382672501,3.295836866004329
2020-02-17,44.704570282679576,-122.23924043337642,0.882752090745008
2020-02-17,44.69325151009967,-122.20258916978436,0.8366025712704557
2020-02-17,44.71804501194137,-122.24894223844493,0.9160465018082201
2020-02-17,44.71157714189571,-122.17078880872651,1.3862943611198906
2020-02-17,44.725051871157504,-122.14976823107811,0.7666686913122538
2020-02-17,44.73313670871458,-122.1600090253171,0.8437200390393197
2020-02-17,44.69864140180439,-122.19504332139776,0.2969844651140944
2020-02-17,44.70834320687288,-122.17725667877218,0.9614111671546247
2020-02-17,44.73637064373741,-122.15839205780568,0.8384749566248374
2020-02-17,44.694329488440616,-122.20151119144342,0.7878806036434854
2020-02-17,44.696485445122505,-122.228460649967,0.5980888582056358
2020-02-17,44.692173531758726,-122.20420613729576,0.5489773897303669
2020-02-17,44.72181793613468,-122.15731407946473,0.837531097997489
2020-02-17,44.70510927185005,-122.19504332139776,0.3669988272803683
2020-02-17,44.71319410940713,-122.18965342969304,0.8808507557272177
2020-02-17,44.69702443429298,-122.21013501817096,0.5760906251389277
2020-02-17,44.715350066089016,-122.17078880872651,0.7369609167373787
2020-02-17,44.69971938014533,-122.24085740088783,3.7015185415199454
2020-02-17,44.69918039097486,-122.23385054167171,0.6931471805599453
2020-02-17,44.72397389281656,-122.18534151632926,1.1044559868170205
2020-02-17,44.69163454258826,-122.21282996402331,0.8754200885737585
2020-02-17,44.69918039097486,-122.22684368245558,0.8757248520947032
2020-02-17,44.73906558958977,-122.15677509029426,0.8685174202619284
2020-02-17,44.70133634765675,-122.19827725642058,0.3305637999350466
2020-02-17,44.69971938014533,-122.19612129973868,0.2782033284972371
2020-02-17,44.71912299028232,-122.18426353798831,0.8368607961373311
2020-02-17,44.71588905525949,-122.2419353792288,1.156870518792502
2020-02-17,44.7099601743843,-122.17725667877218,1.1180303745252111
2020-02-17,44.725051871157504,-122.15138519858954,0.7417643883402756
2020-02-17,44.7175060227709,-122.18911444052256,0.9093058373522042
2020-02-17,44.727746817009866,-122.14222238269151,0.8310445068053456
2020-02-17,44.69702443429298,-122.20043321310249,0.28899011711179623
2020-02-17,44.69756342346345,-122.2435523467402,0.9248385696795532
2020-02-17,44.70349230433864,-122.1901924188635,0.2436220826577505
2020-02-17,44.70834320687288,-122.1729447654084,1.3862943611198906
2020-02-17,44.68031577000835,-122.1923483755454,1.0055218656020977
2020-02-17,44.722895914475615,-122.15192418776002,0.7856680271313553
2020-02-17,44.70133634765675,-122.23546750918312,0.8191583801018806
2020-02-17,44.71966197945279,-122.17941263545409,0.7421937878645178
2020-02-17,44.69486847761109,-122.21390794236426,0.8287121935119158
2020-02-17,44.69971938014533,-122.23061660664888,0.7610546505885196
2020-02-17,44.71319410940713,-122.24031841171735,0.879299111394134
2020-02-17,44.73044176286222,-122.16432093868086,0.724258257543817
2020-02-17,44.70025836931581,-122.18965342969304,0.19506058257138448
2020-02-17,44.72235692530514,-122.14922924190763,0.8643146105566937
2020-02-17,44.70564826102052,-122.18749747301116,0.2400846640030279
2020-02-17,44.7099601743843,-122.17402274374936,1.2809338454620642
2020-02-17,44.72020096862326,-122.13252057762304,0.8671888119736866
2020-02-17,44.70025836931581,-122.20636209397766,1.1987622706446865
2020-02-17,44.710499163554765,-122.2397794225469,0.8010332973902266
2020-02-17,44.70187533682722,-122.19450433222728,0.27625337662815813
2020-02-17,44.70025836931581,-122.19935523476153,0.39019763597737595
2020-02-17,44.70187533682722,-122.19342635388634,0.2690768846207466
2020-02-17,44.71912299028232,-122.16054801448756,1.3328056761689044
2020-02-17,44.69325151009967,-122.21013501817096,0.7113626204512866
2020-02-17,44.69918039097486,-122.19180938637491,0.2533573299107064
2020-02-17,44.721278946964205,-122.18210758130644,0.8715548380327636
2020-02-17,44.714811076918544,-122.15623610112378,1.7999562364322335
2020-02-17,44.70133634765675,-122.2397794225469,0.8619191728940884
2020-02-17,44.69702443429298,-122.21067400734142,0.6273958029971648
2020-02-17,44.68247172669024,-122.19288736471586,0.9895390435408066
2020-02-17,44.69756342346345,-122.20528411563672,0.4881568239532778
2020-02-17,44.7099601743843,-122.24031841171735,0.7991300124989796
2020-02-17,44.72397389281656,-122.13575451264586,0.9171818651575442
2020-02-17,44.6927125209292,-122.21983682323943,2.1183569579295094
2020-02-17,44.68570566171307,-122.19612129973868,1.5260563034950492
2020-02-17,44.71588905525949,-122.1885754513521,0.9197376397016159
2020-02-17,44.735292665396464,-122.16054801448756,0.7417151471948557
2020-02-17,44.7175060227709,-122.17941263545409,0.733552421583858
2020-02-17,44.7175060227709,-122.18049061379502,0.7340066626624432
2020-02-17,44.72020096862326,-122.1600090253171,0.8520643136439037
2020-02-17,44.70187533682722,-122.20366714812528,1.3295392691912886
2020-02-17,44.712655120236654,-122.16863285204464,1.4000876832522264
2020-02-17,44.727746817009866,-122.14761227439624,0.8077928139934513
2020-02-17,44.72181793613468,-122.1503072202486,1.169229855882063
2020-02-17,44.725051871157504,-122.1691718412151,0.7232494631558052
2020-02-17,44.702953315168166,-122.2397794225469,0.8569664439932745
2020-02-17,44.69540746678156,-122.22522671494416,0.8022320953087541
2020-02-17,44.69864140180439,-122.23546750918312,0.6443570163905132
2020-02-17,44.70187533682722,-122.1901924188635,0.22212780719437428
2020-02-17,44.71427208774807,-122.1826465704769,0.9140494160311412
2020-02-17,44.72073995779373,-122.18156859213596,0.8677262758650311
2020-02-17,44.70834320687288,-122.23654548752408,0.7772128343955493
2020-02-17,44.692173531758726,-122.20205018061388,0.9530127298301015
2020-02-17,44.69918039097486,-122.20636209397766,0.5485659517488377
2020-02-17,44.70403129350911,-122.237623465865,0.8558767308911163
2020-02-17,44.71912299028232,-122.1880364621816,0.9441781219502215
2020-02-17,44.72181793613468,-122.18480252715878,0.8993650809908125
2020-02-17,44.69864140180439,-122.24409133591068,0.8636622247669109
2020-02-17,44.702953315168166,-122.1880364621816,0.24160561415394524
2020-02-17,44.69325151009967,-122.25271516263822,2.2512917986064953
2020-02-17,44.71858400111184,-122.18156859213596,0.7727881204498532
2020-02-17,44.696485445122505,-122.20636209397766,0.4920795809449353
2020-02-17,44.7175060227709,-122.2451693142516,0.8245151004008342
2020-02-17,44.69756342346345,-122.21929783406898,2.302189757942445
2020-02-17,44.69325151009967,-122.20097220227294,2.1552948841980952
2020-02-17,44.72181793613468,-122.15515812278284,0.7781798777279332
2020-02-17,44.706726239361466,-122.2397794225469,0.7061175310025727
2020-02-17,44.69810241263392,-122.21229097485283,0.8342957651725407
2020-02-17,44.69971938014533,-122.19935523476153,0.35244063979994394
2020-02-17,44.7175060227709,-122.18372454881784,0.8562533436173754
2020-02-17,44.70133634765675,-122.1901924188635,0.22018350968573283
2020-02-17,44.72235692530514,-122.1540801444419,0.7497057256032011
2020-02-17,44.73044176286222,-122.16863285204464,0.8184161156325371
2020-02-17,44.70942118521383,-122.2419353792288,0.9106545907601168
2020-02-17,44.69594645595203,-122.2187588448985,0.5050949490570056
2020-02-17,44.70025836931581,-122.2074400723186,0.8867772206212611
2020-02-17,44.68732262922448,-122.1977382672501,1.4307461236907244
2020-02-17,44.72612984949845,-122.16324296033991,0.8722040765816591
2020-02-17,44.72666883866892,-122.16863285204464,0.7284425757089446
2020-02-17,44.72343490364609,-122.17779566794266,0.8505979566457177
2020-02-17,44.69971938014533,-122.20151119144342,0.3940364122845416
2020-02-17,44.712655120236654,-122.1675548737037,1.3143208614948014
2020-02-17,44.71858400111184,-122.12766967508878,0.920559681793731
2020-02-17,44.71427208774807,-122.16863285204464,0.8606578713430436
2020-02-17,44.69810241263392,-122.22576570411464,0.8609881799958864
2020-02-17,44.69971938014533,-122.20258916978436,0.4539174914941112
2020-02-17,44.69810241263392,-122.24624729259256,0.8977758656616613
2020-02-17,44.70079735848628,-122.2419353792288,0.866585567684045
2020-02-17,44.72720782783939,-122.15192418776002,0.8261654456610222
2020-02-17,44.714811076918544,-122.17024981955603,0.7513011452542484
2020-02-17,44.70618725019099,-122.17833465711313,1.9560625205193314
2020-02-17,44.694329488440616,-122.20420613729576,0.4496003849340392
2020-02-17,44.694329488440616,-122.21606389904616,0.7793502900845223
2020-02-17,44.72990277369175,-122.16108700365804,0.8796091652395501
2020-02-17,44.70187533682722,-122.199894223932,0.7233717034686717
2020-02-17,44.70834320687288,-122.18965342969304,0.2591087000077249
2020-02-17,44.72397389281656,-122.17456173291984,0.723810591452144
2020-02-17,44.69756342346345,-122.2322335741603,0.7233381528390911
2020-02-17,44.70187533682722,-122.2300776174784,1.2113373825881442
2020-02-17,44.72612984949845,-122.17024981955603,0.7354986516342552
2020-02-17,44.710499163554765,-122.17833465711313,0.8979415932059586
2020-02-17,44.70726522853194,-122.24247436839926,1.3324303712292391
2020-02-17,44.70942118521383,-122.18965342969304,0.297766191518407
2020-02-17,44.71858400111184,-122.18534151632926,0.853920401147697
2020-02-17,44.70942118521383,-122.17725667877218,1.0608719606852626
2020-02-17,44.69702443429298,-122.23438953084218,0.9162907318741551
2020-02-17,44.71157714189571,-122.171327797897,1.9740810260220096
2020-02-17,44.70726522853194,-122.19180938637491,0.2760944572793931
2020-02-17,44.725590860327976,-122.14491732854388,0.9852836033611067
2020-02-17,44.71966197945279,-122.15569711195332,0.8122404031053548
2020-02-17,44.70618725019099,-122.18695848384068,0.23638877806423034
2020-02-17,44.72397389281656,-122.16593790619228,1.040201526511695
2020-02-17,44.710499163554765,-122.1729447654084,1.07880966137193
2020-02-17,44.70510927185005,-122.19342635388634,0.31594851060159734
2020-02-17,44.715350066089016,-122.17995162462454,0.7337706600996723
2020-02-17,44.716967033600426,-122.16054801448756,1.1298648321722142
2020-02-17,44.70888219604336,-122.2419353792288,0.9098677093335271
2020-02-17,44.70025836931581,-122.20474512646624,0.752739277762191
2020-02-17,44.7288247953508,-122.17186678706749,0.9057263676703631
2020-02-17,44.69540746678156,-122.20258916978436,0.371563556432483
2020-02-17,44.69756342346345,-122.21983682323943,1.855639879121077
2020-02-17,44.68947858590637,-122.20690108314813,0.8602012652231114
2020-02-17,44.70133634765675,-122.23115559581936,0.796500967101929
2020-02-17,44.71211613106618,-122.17186678706749,1.5125880864441827
2020-02-17,44.70726522853194,-122.18210758130644,0.8346271255665256
2020-02-17,44.71427208774807,-122.17671768960172,0.7361344110258311
2020-02-17,44.69810241263392,-122.1885754513521,1.4469189829363254
2020-02-17,44.72936378452128,-122.16108700365804,0.9455804900764594
2020-02-17,44.71157714189571,-122.17348375457888,1.003302108863785
2020-02-17,44.69109555341779,-122.20474512646624,0.710450411247398
2020-02-17,44.71157714189571,-122.17456173291984,1.2878542883066382
2020-02-17,44.69702443429298,-122.23492852001266,1.5755363607584192
2020-02-17,44.69918039097486,-122.23331155250123,0.7115145373168827
2020-02-17,44.72451288198703,-122.1675548737037,0.8624056433791756
2020-02-17,44.725051871157504,-122.14330036103246,1.3725641683079886
2020-02-17,44.712655120236654,-122.16809386287416,1.490091154801534
2020-02-17,44.69486847761109,-122.24031841171735,2.1701959049483
2020-02-17,44.7175060227709,-122.15515812278284,1.0640067594906342
2020-02-17,44.71588905525949,-122.24678628176304,0.9746089022952418
2020-02-17,44.716967033600426,-122.25002021678588,1.053814145768215
2020-02-17,44.69001757507685,-122.20205018061388,0.7814397877056237
2020-02-17,44.702414325997694,-122.24085740088783,0.8552097240958724
2020-02-17,44.71211613106618,-122.1923483755454,0.8180752910151068
2020-02-17,44.71211613106618,-122.2435523467402,0.9181518270733827
2020-02-17,44.696485445122505,-122.23115559581936,0.6971908577237548
2020-02-17,44.70349230433864,-122.19288736471586,0.26057375369370284
2020-02-17,44.72451288198703,-122.18372454881784,0.9548456343784048
2020-02-17,44.72612984949845,-122.1578530686352,0.9032483014609758
2020-02-17,44.70025836931581,-122.228460649967,0.817043621264736
2020-02-17,44.73475367622599,-122.15839205780568,0.906112526958399
2020-02-17,44.70079735848628,-122.23169458498982,0.7356363302639181
2020-02-17,44.70349230433864,-122.23870144420596,0.8531788997307099
2020-02-17,44.70187533682722,-122.23169458498982,0.8270977608050094
2020-02-17,44.71319410940713,-122.16216498199896,0.7602864833975739
2020-02-17,44.715350066089016,-122.15893104697616,0.8252392533416149
2020-02-17,44.70888219604336,-122.17941263545409,1.157452788691043
2020-02-17,44.706726239361466,-122.18480252715878,0.3016683144265208
2020-02-17,44.69702443429298,-122.2133689531938,0.8247235383486646
2020-02-17,44.70403129350911,-122.1864194946702,0.2561688067457043
2020-02-17,44.721278946964205,-122.13144259928208,0.8960393165368505
2020-02-17,44.702414325997694,-122.23331155250123,0.7779021150614583
2020-02-17,44.69055656424732,-122.2133689531938,0.8571182985922918
2020-02-17,44.69971938014533,-122.1977382672501,0.2972515234679317
2020-02-17,44.69971938014533,-122.22899963913748,0.8196208170086275
2020-02-17,44.71804501194137,-122.1637819495104,0.9355904675328819
2020-02-17,44.725051871157504,-122.1826465704769,1.0081577500696401
2020-02-17,44.69810241263392,-122.19073140803395,0.30010459245033816
2020-02-17,44.712655120236654,-122.17563971126076,0.9622758451159784
2020-02-17,44.69163454258826,-122.20851805065952,0.8916574647038182
2020-02-17,44.677620824156,-122.1880364621816,1.8533173622274883
2020-02-17,44.72073995779373,-122.17941263545409,0.7621932987655803
2020-02-17,44.677620824156,-122.19558231056824,1.0625072840259933
2020-02-17,44.692173531758726,-122.21390794236426,0.9249766478308359
2020-02-17,44.69325151009967,-122.21983682323943,0.34937564145712086
2020-02-17,44.69540746678156,-122.20366714812528,0.42463502421588456
2020-02-17,44.714811076918544,-122.19073140803395,0.8258046764234426
2020-02-17,44.71211613106618,-122.16432093868086,1.3375041969504586
2020-02-17,44.69486847761109,-122.2074400723186,0.5392898849213837
2020-02-17,44.71103815272524,-122.18210758130644,0.7632909325974517
2020-02-17,44.692173531758726,-122.21067400734142,0.8964225286574298
2020-02-17,44.69864140180439,-122.20151119144342,0.32938280165072487
2020-02-17,44.71912299028232,-122.16216498199896,2.0310679573956203
2020-02-17,44.69918039097486,-122.22953862830794,0.7648391090160618
2020-02-17,44.7137330985776,-122.16809386287416,0.9227216222044455
2020-02-17,44.69702443429298,-122.22738267162605,0.8077199405860807
2020-02-17,44.721278946964205,-122.1503072202486,1.101506646694474
2020-02-17,44.71427208774807,-122.24139639005833,0.8405999117030761
2020-02-17,44.69971938014533,-122.20851805065952,0.9158161234172159
2020-02-17,44.722895914475615,-122.13467653430492,0.877271500852388
2020-02-17,44.70726522853194,-122.17510072209028,0.9665056006584162
2020-02-17,44.716967033600426,-122.1826465704769,0.8395981110859008
2020-02-17,44.715350066089016,-122.2435523467402,0.8099782884909467
2020-02-17,44.704570282679576,-122.18965342969304,0.2429461786103894
2020-02-17,44.71427208774807,-122.17186678706749,0.7222939111784442
2020-02-17,44.68947858590637,-122.20474512646624,0.8743527547749451
2020-02-17,44.69702443429298,-122.24409133591068,0.910799804233163
2020-02-17,44.716967033600426,-122.15677509029426,0.9426080401915283
2020-02-17,44.72235692530514,-122.17186678706749,1.4332513442076618
2020-02-17,44.715350066089016,-122.16647689536276,1.341173925839421
2020-02-17,44.69486847761109,-122.2166028882166,0.6595869840676435
2020-02-17,44.712655120236654,-122.18534151632926,0.6838013181417076
2020-02-17,44.69702443429298,-122.19180938637491,1.7829488395459
2020-02-17,44.7385266004193,-122.15893104697616,0.8612309546911278
2020-02-17,44.69756342346345,-122.20959602900048,0.5025009138799591
2020-02-17,44.716967033600426,-122.24678628176304,0.8570005308947739
2020-02-17,44.69379049927014,-122.2166028882166,0.9694593997548333
2020-02-17,44.71103815272524,-122.18480252715878,0.7598385550586176
2020-02-17,44.71966197945279,-122.15300216610096,0.816096986295086
2020-02-17,44.70025836931581,-122.18749747301116,0.9067212808580044
2020-02-17,44.71427208774807,-122.16971083038558,0.7705450493978957
2020-02-17,44.694329488440616,-122.20366714812528,0.4238922772863299
2020-02-17,44.702953315168166,-122.237623465865,0.8495993573754829
2020-02-17,44.725590860327976,-122.14707328522576,0.8964881045779755
2020-02-17,44.72073995779373,-122.18534151632926,0.8548357258584797
2020-02-17,44.72612984949845,-122.15192418776002,0.7801500558471091
2020-02-17,44.70510927185005,-122.18534151632926,0.2638863347765598
2020-02-17,44.68947858590637,-122.20312815895484,0.9317250340263927
2020-02-17,44.67815981332647,-122.18965342969304,0.8402857553017473
2020-02-17,44.70403129350911,-122.18965342969304,0.22508341613203625
2020-02-17,44.67815981332647,-122.19558231056824,1.1186269200023777
2020-02-17,44.69540746678156,-122.1977382672501,0.49491016846009117
2020-02-17,44.68570566171307,-122.19881624559105,0.8844409059870558
2020-02-17,44.710499163554765,-122.18210758130644,0.7889584746947579
2020-02-17,44.70025836931581,-122.1977382672501,0.294799540220645
2020-02-17,44.72612984949845,-122.16971083038558,0.7353394405388053
2020-02-17,44.73044176286222,-122.1616259928285,0.8584372160779103
2020-02-17,44.70888219604336,-122.237623465865,0.7819900401614802
2020-02-17,44.72666883866892,-122.17402274374936,0.8858442991261275
2020-02-17,44.696485445122505,-122.23277256333076,0.7317575655864111
2020-02-17,44.70618725019099,-122.19180938637491,0.26602057567060156
2020-02-17,44.7175060227709,-122.16216498199896,1.2595426554807467
2020-02-17,44.72181793613468,-122.18426353798831,0.8776661143125151
2020-02-17,44.712655120236654,-122.23924043337642,0.8997200853990208
2020-02-17,44.694329488440616,-122.21175198568235,0.9991911061572626
2020-02-17,44.69109555341779,-122.20959602900048,0.8265619619080254
2020-02-17,44.73098075203269,-122.16647689536276,0.8524664376163811
2020-02-17,44.69379049927014,-122.20851805065952,0.6131898517551907
2020-02-17,44.725590860327976,-122.17456173291984,0.8536016061899271
2020-02-17,44.72073995779373,-122.18372454881784,0.8870265570720788
2020-02-17,44.72612984949845,-122.17240577623794,0.7768461994365924
2020-02-17,44.71211613106618,-122.18426353798831,0.7475083897788327
2020-02-17,44.72720782783939,-122.14869025273718,0.8582926455994199
2020-02-17,44.73421468705553,-122.15839205780568,0.9405781088144538
2020-02-17,44.73044176286222,-122.15839205780568,0.9402174381958914
2020-02-17,44.725590860327976,-122.17941263545409,0.9436802061833929
2020-02-17,44.69810241263392,-122.2225317690918,1.1321316657658171
2020-02-17,44.715350066089016,-122.17186678706749,0.7279260078363248
2020-02-17,44.71966197945279,-122.18210758130644,0.8573527897074175
2020-02-17,44.71319410940713,-122.1675548737037,1.1826954058786512
2020-02-17,44.725051871157504,-122.18049061379502,0.8896888378977262
2020-02-17,44.71858400111184,-122.18480252715878,0.8518189864703071
2020-02-17,44.72666883866892,-122.15947003614662,0.9275478863987895
2020-02-17,44.725590860327976,-122.1729447654084,0.7994809734881776
2020-02-17,44.67708183498552,-122.1901924188635,3.785811694290129
2020-02-17,44.702414325997694,-122.1923483755454,0.24976283758948714
2020-02-17,44.692173531758726,-122.20258916978436,0.7775580699062344
2020-02-17,44.70834320687288,-122.19073140803395,0.28293146969318306
2020-02-17,44.706726239361466,-122.23924043337642,0.7022072651843478
2020-02-17,44.70133634765675,-122.19612129973868,0.2955694372849469
2020-02-17,44.72828580618033,-122.1675548737037,0.7230122472432533
2020-02-17,44.710499163554765,-122.17617870043124,1.0116009116784799
2020-02-17,44.70726522853194,-122.17833465711313,1.5040773967762742
2020-02-17,44.70942118521383,-122.1864194946702,0.3015341852599325
2020-02-17,44.71804501194137,-122.15947003614662,1.0745147370890493
2020-02-17,44.7288247953508,-122.1691718412151,0.7709577444495411
2020-02-17,44.70726522853194,-122.2397794225469,0.6833110356832321
2020-02-17,44.71427208774807,-122.19127039720443,0.7875455754823196
2020-02-17,44.69864140180439,-122.1977382672501,0.2814124594381855
2020-02-17,44.710499163554765,-122.19180938637491,0.8360282681289729
2020-02-17,44.69918039097486,-122.20959602900048,0.8677832132690694
2020-02-17,44.72666883866892,-122.1406054151801,0.8490764291086067
2020-02-17,44.72612984949845,-122.17671768960172,0.9483768602725308
2020-02-17,44.69810241263392,-122.2451693142516,0.8350277677953892
2020-02-17,44.68947858590637,-122.20258916978436,0.9585396648226016
2020-02-17,44.70564826102052,-122.23438953084218,0.7949160241666178
2020-02-17,44.72235692530514,-122.1788736462836,0.8857705208817259
2020-02-17,44.70187533682722,-122.24247436839926,0.9556324810963327
2020-02-17,44.69864140180439,-122.23816245503548,1.8496069205099965
2020-02-17,44.721278946964205,-122.18480252715878,0.8450473812107556
2020-02-17,44.715350066089016,-122.1578530686352,0.9210984334422583
2020-02-17,44.71319410940713,-122.24301335756974,0.7480979005423628
2020-02-17,44.72073995779373,-122.17617870043124,1.984131361875511
2020-02-17,44.712655120236654,-122.16971083038558,1.2272296664902032
2020-02-17,44.69540746678156,-122.22953862830794,2.063693184711697
2020-02-17,44.69971938014533,-122.23816245503548,0.8936786487333231
2020-02-17,44.71588905525949,-122.1600090253171,0.8342257788198507
2020-02-17,44.73259771954411,-122.16216498199896,0.7930357263397783
2020-02-17,44.721278946964205,-122.25002021678588,0.9184246350578561
2020-02-17,44.70618725019099,-122.23870144420596,0.696104887537178
2020-02-17,44.727746817009866,-122.15947003614662,0.921014618737595
2020-02-17,44.69594645595203,-122.22684368245558,0.8189637047851539
2020-02-17,44.714811076918544,-122.24139639005833,1.413201814039815
2020-02-17,44.70888219604336,-122.2360064983536,0.7835179479567052
2020-02-17,44.71858400111184,-122.24463032508116,0.8582113248174077
2020-02-17,44.712655120236654,-122.18372454881784,0.7870755084631285
2020-02-17,44.71103815272524,-122.18749747301116,0.4283991247371779
2020-02-17,44.71912299028232,-122.17779566794266,0.8094069866758073
2020-02-17,44.69918039097486,-122.19504332139776,0.2734974374598244
2020-02-17,44.69594645595203,-122.21444693153472,0.6340582641899388
2020-02-17,44.72343490364609,-122.17456173291984,0.7443124257764392
2020-02-17,44.70510927185005,-122.237623465865,0.7958159045520603
2020-02-17,44.67492587830363,-122.19666028890916,1.0401006946487412
2020-02-17,44.69540746678156,-122.20690108314813,0.5066933864810801
2020-02-17,44.70403129350911,-122.18372454881784,3.258096538021482
2020-02-17,44.696485445122505,-122.2225317690918,0.4276158508957532
2020-02-17,44.73906558958977,-122.15947003614662,0.9072687760810974
2020-02-17,44.70025836931581,-122.19504332139776,0.29225873947919273
2020-02-17,44.706726239361466,-122.19342635388634,0.3384543978252041
2020-02-17,44.69540746678156,-122.19827725642058,0.512710638461762
2020-02-17,44.7099601743843,-122.1923483755454,0.817157238885149
2020-02-17,44.69594645595203,-122.19666028890916,0.31521823026038615
2020-02-17,44.70834320687288,-122.1880364621816,0.2424900782604074
2020-02-17,44.70025836931581,-122.24409133591068,0.7039248060537746
2020-02-17,44.72397389281656,-122.17402274374936,0.7265646278450274
2020-02-17,44.71804501194137,-122.12659169674784,0.935199761102319
2020-02-17,44.72720782783939,-122.1670158845332,0.7268203956665331
2020-02-17,44.69486847761109,-122.2397794225469,2.4950590212520183
2020-02-17,44.71319410940713,-122.18210758130644,0.8327584940592637
2020-02-17,44.716967033600426,-122.18965342969304,0.8756246341505365
2020-02-17,44.72181793613468,-122.13359855596396,0.8899186275349592
2020-02-17,44.69756342346345,-122.19935523476153,0.28019140072262333
2020-02-17,44.71588905525949,-122.16216498199896,1.0185695809945732
2020-02-17,44.72451288198703,-122.1729447654084,0.7288073609588295
2020-02-17,44.69163454258826,-122.20366714812528,0.5248679808890296
2020-02-17,44.70187533682722,-122.2419353792288,0.8950318723725609
2020-02-17,44.7175060227709,-122.1540801444419,1.826850789039325
2020-02-17,44.694329488440616,-122.21390794236426,0.9569815702528358
2020-02-17,44.74014356793072,-122.1578530686352,0.8711009316299009
2020-02-17,44.6927125209292,-122.20258916978436,0.8565932419755257
2020-02-17,44.7099601743843,-122.23708447669456,0.7874267922971278
2020-02-17,44.70834320687288,-122.23438953084218,0.7842777650509233
2020-02-17,44.71427208774807,-122.18588050549972,0.8783149680222586
2020-02-17,44.69486847761109,-122.21552490987568,0.7956770022001901
2020-02-17,44.69109555341779,-122.20528411563672,0.7358851466530446
2020-02-17,44.725051871157504,-122.16216498199896,0.8850161728491076
2020-02-17,44.70025836931581,-122.24139639005833,1.126783165634806
2020-02-17,44.70403129350911,-122.19558231056824,0.3517300024171618
2020-02-17,44.71804501194137,-122.15623610112378,0.8046711683394425
2020-02-17,44.72666883866892,-122.142761371862,0.8397233707388864
2020-02-17,44.696485445122505,-122.22576570411464,0.8811801588933315
2020-02-17,44.727746817009866,-122.1670158845332,0.7295603369941075
2020-02-17,44.70025836931581,-122.23277256333076,0.7285888735222018
2020-02-17,44.716428044429954,-122.18965342969304,0.8727705684964274
2020-02-17,44.70403129350911,-122.18695848384068,0.27229715361230145
2020-02-17,44.68678364005401,-122.19719927807964,0.9597758438138939
2020-02-17,44.70187533682722,-122.18911444052256,0.2613647641344075
2020-02-17,44.702414325997694,-122.19288736471586,0.26346781433118643
2020-02-17,44.72181793613468,-122.1578530686352,0.8130955507682379
2020-02-17,44.69163454258826,-122.20797906148908,0.879139884361742
2020-02-17,44.721278946964205,-122.17402274374936,1.6792814858013647
2020-02-17,44.72181793613468,-122.24840324927445,0.9380742115842958
2020-02-17,44.72020096862326,-122.15893104697616,1.2104036946562264
2020-02-17,44.72181793613468,-122.17456173291984,1.9459101490553132
2020-02-17,44.710499163554765,-122.18588050549972,0.5509726917794027
2020-02-17,44.69594645595203,-122.21552490987568,0.7450320159289571
2020-02-17,44.6927125209292,-122.22037581240993,3.8218247375099974
2020-02-17,44.722895914475615,-122.17240577623794,1.9061698204057993
2020-02-17,44.73421468705553,-122.1600090253171,0.8283475582728562
2020-02-17,44.70403129350911,-122.19450433222728,0.30656103404925034
2020-02-17,44.69864140180439,-122.20690108314813,0.5985885979349327
2020-02-17,44.71858400111184,-122.2451693142516,0.8407682909915968
2020-02-17,44.70025836931581,-122.19288736471586,0.24323030988094702
2020-02-17,44.69379049927014,-122.20366714812528,0.44355244315856573
2020-02-17,44.7137330985776,-122.1653989170218,0.9088557533866369
2020-02-17,44.73044176286222,-122.16216498199896,0.8628844966466537
2020-02-17,44.6889395967359,-122.20151119144342,1.0986122886681098
2020-02-17,44.7137330985776,-122.16270397116944,0.7081850579244858
2020-02-17,44.69702443429298,-122.21282996402331,0.7013104911991062
2020-02-17,44.70618725019099,-122.18911444052256,0.2545298651348804
2020-02-17,44.72666883866892,-122.1578530686352,0.9055954427574071
2020-02-17,44.696485445122505,-122.20905703983,0.4919825359645107
2020-02-17,44.68301071586071,-122.19450433222728,0.9252775653464855
2020-02-17,44.7137330985776,-122.18965342969304,0.8914770832148873
2020-02-17,44.69325151009967,-122.21552490987568,0.9471920669983296
2020-02-17,44.69109555341779,-122.20420613729576,0.5706701482002833
2020-02-17,44.72936378452128,-122.1600090253171,0.982130489369698
2020-02-17,44.716967033600426,-122.1616259928285,1.1130010261202095
2020-02-17,44.72451288198703,-122.17563971126076,0.8756462153914587
2020-02-17,44.70133634765675,-122.19450433222728,0.278465417346857
2020-02-17,44.714811076918544,-122.16863285204464,0.8567766043417474
2020-02-17,44.7099601743843,-122.1729447654084,1.0748582026600026
2020-02-17,44.69540746678156,-122.199894223932,0.3413031638908785
2020-02-17,44.69864140180439,-122.1885754513521,1.0340737675305385
2020-02-17,44.69971938014533,-122.2074400723186,0.7247102915830106
2020-02-17,44.69109555341779,-122.21606389904616,1.0622446444972349
2020-02-17,44.72235692530514,-122.15677509029426,0.824454227467737
2020-02-17,44.725051871157504,-122.14168339352103,0.9615112021669623
2020-02-17,44.725590860327976,-122.1406054151801,0.9439587172033984
2020-02-17,44.70133634765675,-122.20258916978436,0.7989432581833462
2020-02-17,44.721278946964205,-122.15677509029426,0.7911741381276572
2020-02-17,44.72936378452128,-122.1691718412151,0.8258962653365362
2020-02-17,44.714811076918544,-122.2435523467402,0.8190739737992486
2020-02-17,44.70942118521383,-122.23438953084218,1.2865950008968026
2020-02-17,44.694329488440616,-122.199894223932,1.3003910174846227
2020-02-17,44.68085475917882,-122.19288736471586,0.8812668659413212
2020-02-17,44.70564826102052,-122.19288736471586,0.2829982231393545
2020-02-17,44.7137330985776,-122.24624729259256,1.613361409375027
2020-02-17,44.70133634765675,-122.228460649967,1.452163177190258
2020-02-17,44.72397389281656,-122.15246317693048,0.7665706118997141
2020-02-17,44.69702443429298,-122.20366714812528,0.4841573766838293
2020-02-17,44.70942118521383,-122.18318555964736,0.7555175112864034
2020-02-17,44.72720782783939,-122.14976823107811,0.856782377863798
2020-02-17,44.716428044429954,-122.1826465704769,0.824071009777387
2020-02-17,44.71912299028232,-122.2451693142516,0.8662152012731011
2020-02-17,44.71211613106618,-122.23924043337642,0.8066837355262533
2020-02-17,44.69540746678156,-122.19504332139776,4.179502370562408
2020-02-17,44.70618725019099,-122.18318555964736,0.6298523301876315
2020-02-17,44.696485445122505,-122.22037581240993,0.8692304139412083
2020-02-17,44.70564826102052,-122.2419353792288,2.1972245773362196
2020-02-17,44.69810241263392,-122.20959602900048,0.5535182080673042
2020-02-17,44.71211613106618,-122.1670158845332,1.9233358270167742
2020-02-17,44.7175060227709,-122.17833465711313,0.7386496516715322
2020-02-17,44.704570282679576,-122.1880364621816,0.22624753725180086
2020-02-17,44.69594645595203,-122.20043321310249,0.2850189550322972
2020-02-17,44.69918039097486,-122.18911444052256,0.8017135611114048
2020-02-17,44.70349230433864,-122.19180938637491,0.2467167190322766
2020-02-17,44.716967033600426,-122.18210758130644,0.8026657063664353
2020-02-17,44.702953315168166,-122.19558231056824,0.32010525915700755
2020-02-17,44.727746817009866,-122.16054801448756,0.9148190612626987
2020-02-17,44.72397389281656,-122.1352155234754,0.8746228328906576
2020-02-17,44.69702443429298,-122.20959602900048,0.5635543515143511
2020-02-17,44.69918039097486,-122.18965342969304,0.7804509124705288
2020-02-17,44.70780421770241,-122.19127039720443,0.26523576679951405
2020-02-17,44.696485445122505,-122.22792166079653,0.7453678798261666
2020-02-17,44.71588905525949,-122.2451693142516,0.7518090932085315
2020-02-17,44.69325151009967,-122.2209148015804,1.415853163361435
2020-02-17,44.71103815272524,-122.18102960296548,0.7444029085018407
2020-02-17,44.72073995779373,-122.1330595667935,0.9878358990372508
2020-02-17,44.69810241263392,-122.19288736471586,0.22212780719437428
2020-02-17,44.681932737519766,-122.19288736471586,0.9126008491103577
2020-02-17,44.72612984949845,-122.16863285204464,0.7234153398957863
2020-02-17,44.7099601743843,-122.17456173291984,0.9932517730102834
2020-02-17,44.684088694201655,-122.19827725642058,1.094351523807255
2020-02-17,44.72612984949845,-122.14869025273718,0.8793560529562583
2020-02-17,44.7175060227709,-122.16054801448756,1.1786549963416462
2020-02-17,44.694329488440616,-122.20474512646624,0.43038443033304696
2020-02-17,44.69540746678156,-122.22468772577368,0.48590221531353384
2020-02-17,44.69864140180439,-122.2074400723186,0.5401219932544216
2020-02-17,44.70942118521383,-122.24247436839926,1.0972990908431492
2020-02-17,44.67923779166741,-122.18965342969304,1.8943764989401304
2020-02-17,44.71912299028232,-122.18749747301116,0.9267061017657655
2020-02-17,44.72343490364609,-122.18534151632926,0.9523080253098987
2020-02-17,44.69594645595203,-122.20151119144342,0.34066511488124884
2020-02-17,44.70834320687288,-122.17348375457888,1.0001722158548572
2020-02-17,44.69971938014533,-122.20582310480718,0.5159670232664094
2020-02-17,44.71157714189571,-122.2435523467402,0.8708798757746073
2020-02-17,44.69810241263392,-122.21390794236426,1.107866573548727
2020-02-17,44.70834320687288,-122.18049061379502,2.0149030205422647
2020-02-17,44.69864140180439,-122.20528411563672,0.4950772667978515
2020-02-17,44.69702443429298,-122.2451693142516,1.0613541207717492
2020-02-17,44.70564826102052,-122.23385054167171,0.8027203442378861
2020-02-17,44.72073995779373,-122.24786426010398,0.7413940140993308
2020-02-17,44.70726522853194,-122.1864194946702,0.24256163717131127
2020-02-17,44.704570282679576,-122.18372454881784,0.6931471805599453
2020-02-17,44.72343490364609,-122.13413754513444,0.9026659969674524
2020-02-17,44.72720782783939,-122.16593790619228,0.7670760279169428
2020-02-17,44.714811076918544,-122.1880364621816,0.8900904590170782
2020-02-17,44.69918039097486,-122.2360064983536,0.721067022003797
2020-02-17,44.706726239361466,-122.17995162462454,1.0986122886681098
2020-02-17,44.725051871157504,-122.16270397116944,0.8927086135678108
2020-02-17,44.70888219604336,-122.18534151632926,0.33342809423998476
2020-02-17,44.702414325997694,-122.20043321310249,1.6881610685636281
2020-02-17,44.69594645595203,-122.21983682323943,0.5459554710569905
2020-02-17,44.70025836931581,-122.2397794225469,1.5456263996891466
2020-02-17,44.73259771954411,-122.16324296033991,0.7971368940839929
2020-02-17,44.70942118521383,-122.1788736462836,1.0459685551826878
2020-02-17,44.72936378452128,-122.16971083038558,0.8468884438001132
2020-02-17,44.69702443429298,-122.21983682323943,0.9395475940384223
2020-02-17,44.72666883866892,-122.14922924190763,0.8493575933502141
2020-02-17,44.706726239361466,-122.18588050549972,0.25394393281993083
2020-02-17,44.71966197945279,-122.17779566794266,0.7484600706609739
2020-02-17,44.71858400111184,-122.18588050549972,0.8615811560604922
2020-02-17,44.72343490364609,-122.1503072202486,0.7986505431575189
2020-02-17,44.69540746678156,-122.2133689531938,0.7646467116705518
2020-02-17,44.70780421770241,-122.18749747301116,0.24149268998240628
2020-02-17,44.72720782783939,-122.1653989170218,0.8163176480394664
2020-02-17,44.716967033600426,-122.17941263545409,0.7294253672901378
2020-02-17,44.70025836931581,-122.24247436839926,0.8771115547222088
2020-02-17,44.70510927185005,-122.2360064983536,0.7776370662422761
2020-02-17,44.70834320687288,-122.18695848384068,0.2599025083447052
2020-02-17,44.73098075203269,-122.16432093868086,0.7815943079756792
2020-02-17,44.737448622078354,-122.15947003614662,0.7385837295243619
2020-02-17,44.70510927185005,-122.1885754513521,0.2110709700799404
2020-02-17,44.716967033600426,-122.18102960296548,0.7466791128952438
2020-02-17,44.725051871157504,-122.1653989170218,0.9122318729279919
2020-02-17,44.6927125209292,-122.20905703983,0.7854977359080786
2020-02-17,44.70510927185005,-122.2397794225469,0.7589646061396582
2020-02-17,44.72235692530514,-122.13413754513444,0.8885111677670794
2020-02-17,44.714811076918544,-122.17078880872651,0.7378305854760353
2020-02-17,44.70510927185005,-122.24031841171735,0.7259838209582624
2020-02-17,44.73906558958977,-122.15731407946473,0.7510411589788479
2020-02-17,44.71319410940713,-122.1923483755454,0.8251160010571663
2020-02-17,44.702414325997694,-122.24031841171735,0.8832050072883897
2020-02-17,44.702414325997694,-122.23385054167171,0.7715600522943433
2020-02-17,44.702414325997694,-122.237623465865,0.8679793702910772
2020-02-17,44.692173531758726,-122.2133689531938,0.9219328417757844
2020-02-17,44.69702443429298,-122.22199277992134,0.8519328628913522
2020-02-17,44.696485445122505,-122.19504332139776,0.4054651081081644
2020-02-17,44.69864140180439,-122.20797906148908,0.6290951590670949
2020-02-17,44.72343490364609,-122.13467653430492,0.9049635022370128
2020-02-17,44.72397389281656,-122.14006642600964,1.7761341513249742
2020-02-17,44.694329488440616,-122.2187588448985,0.4082390349908896
2020-02-17,44.70618725019099,-122.19127039720443,0.2586945355785287
2020-02-17,44.72828580618033,-122.16270397116944,0.9638232978899973
2020-02-17,44.69864140180439,-122.23277256333076,0.6979690489970225
2020-02-17,44.72828580618033,-122.17402274374936,0.9787334623167278
2020-02-17,44.70888219604336,-122.17833465711313,1.5755363607584192
2020-02-17,44.722895914475615,-122.13359855596396,0.893112262212598
2020-02-17,44.73637064373741,-122.1600090253171,0.8229996638773376
2020-02-17,44.72828580618033,-122.1653989170218,0.7284105881070935
2020-02-17,44.706726239361466,-122.18749747301116,0.2540340383335482
2020-02-17,44.70133634765675,-122.23492852001266,0.8184349418703964
2020-02-17,44.72235692530514,-122.17725667877218,0.7464041864128947
2020-02-17,44.69594645595203,-122.20905703983,0.5279710307209793
2020-02-17,44.69756342346345,-122.2473252709335,0.9803330982012504
2020-02-17,44.696485445122505,-122.2419353792288,1.2792055456188847
2020-02-17,44.7175060227709,-122.1880364621816,0.8791259020727912
2020-02-17,44.69540746678156,-122.24894223844493,1.2745190277801448
2020-02-17,44.7175060227709,-122.12659169674784,0.9659463223200159
2020-02-17,44.7099601743843,-122.2419353792288,0.8623966557865471
2020-02-17,44.694329488440616,-122.2074400723186,0.5599946475724605
2020-02-17,44.715350066089016,-122.24678628176304,1.5042557293670276
2020-02-17,44.71804501194137,-122.18749747301116,0.8760686173958843
2020-02-17,44.72397389281656,-122.15192418776002,0.7628319950095634
2020-02-17,44.69055656424732,-122.21606389904616,4.6738667172743265
2020-02-17,44.70834320687288,-122.18156859213596,0.7814969997146887
2020-02-17,44.6927125209292,-122.21229097485283,0.9324052002440971
2020-02-17,44.69971938014533,-122.23277256333076,0.7307490427436235
2020-02-17,44.72181793613468,-122.14976823107811,1.0330150061822965
2020-02-17,44.735292665396464,-122.15947003614662,0.8525085450723989
2020-02-17,44.71319410940713,-122.17617870043124,0.9068740155733748
2020-02-17,44.692173531758726,-122.21606389904616,0.9780476100498493
2020-02-17,44.69055656424732,-122.20851805065952,0.8624516112643474
2020-02-17,44.70618725019099,-122.19504332139776,0.41443377809092485
2020-02-17,44.706726239361466,-122.19558231056824,0.8432530662375582
2020-02-17,44.68947858590637,-122.20205018061388,0.991540908606654
2020-02-17,44.714811076918544,-122.1691718412151,0.7944930982741689
2020-02-17,44.69379049927014,-122.21444693153472,0.9017427207098448
2020-02-17,44.72828580618033,-122.16054801448756,0.9221640531908368
2020-02-17,44.69594645595203,-122.228460649967,0.6390799592896697
2020-02-17,44.71912299028232,-122.18588050549972,0.8901171258059691
2020-02-17,44.72666883866892,-122.1503072202486,0.9154647974889827
2020-02-17,44.714811076918544,-122.18049061379502,0.7925151438444474
2020-02-17,44.716428044429954,-122.17078880872651,0.9101092005299405
2020-02-17,44.69756342346345,-122.20851805065952,0.5009611787950767
2020-02-17,44.71103815272524,-122.17995162462454,0.7474178162878786
2020-02-17,44.696485445122505,-122.23169458498982,0.6954346386675444
2020-02-17,44.72612984949845,-122.15461913361236,0.756278583388729
2020-02-17,44.692173531758726,-122.2112129965119,0.908429571181208
2020-02-17,44.727746817009866,-122.17510072209028,1.015115127181409
2020-02-17,44.69486847761109,-122.20582310480718,0.4959791156489962
2020-02-17,44.696485445122505,-122.21175198568235,0.7456652148433918
2020-02-17,44.71427208774807,-122.1729447654084,0.7631410113830871
2020-02-17,44.72073995779373,-122.15192418776002,0.8382287131373402
2020-02-17,44.70349230433864,-122.1977382672501,0.45818189028056877
2020-02-17,44.69163454258826,-122.25433213014963,1.128465251817791
2020-02-17,44.722895914475615,-122.16809386287416,2.813233709944812
2020-02-17,44.71912299028232,-122.15947003614662,1.258954938743289
2020-02-17,44.71157714189571,-122.19127039720443,0.886828699143839
2020-02-17,44.702414325997694,-122.19612129973868,0.3188649998884689
2020-02-17,44.69540746678156,-122.24031841171735,1.5440704225614659
2020-02-17,44.71427208774807,-122.16108700365804,0.8415671856782188
2020-02-17,44.70834320687288,-122.1826465704769,0.7906712544190465
2020-02-17,44.67815981332647,-122.19666028890916,2.151762203259462
2020-02-17,44.68462768337213,-122.19612129973868,1.1197968815363868
2020-02-17,44.71588905525949,-122.18049061379502,0.7326637079440482
2020-02-17,44.69864140180439,-122.22414873660324,2.14449918786741
2020-02-17,44.68840060756543,-122.19881624559105,1.6294887094796615
2020-02-17,44.696485445122505,-122.21929783406898,0.867035343225525
2020-02-17,44.69810241263392,-122.2435523467402,0.9300396686528433
2020-02-17,44.70403129350911,-122.24031841171735,0.8803422870386999
2020-02-17,44.72073995779373,-122.2451693142516,1.4316930226675575
2020-02-17,44.70780421770241,-122.2360064983536,0.7795157158683081
2020-02-17,44.7099601743843,-122.18534151632926,0.5487673413376766
2020-02-17,44.692173531758726,-122.21768086655756,0.47824483832661285
2020-02-17,44.69864140180439,-122.20959602900048,0.7110848812466125
2020-02-17,44.68786161839496,-122.20205018061388,0.8428925669192872
2020-02-17,44.71804501194137,-122.18049061379502,0.7471947849479315
2020-02-17,44.714811076918544,-122.17995162462454,0.7780888024578538
2020-02-17,44.70834320687288,-122.19180938637491,0.29441610463312506
2020-02-17,44.722895914475615,-122.18049061379502,0.9220029043660758
2020-02-17,44.69864140180439,-122.2435523467402,0.8997966096031649
2020-02-17,44.70187533682722,-122.2360064983536,0.8444003574545652
2020-02-17,44.727746817009866,-122.16593790619228,0.7281401031111212
2020-02-17,44.71157714189571,-122.24301335756974,0.8458526481230576
2020-02-17,44.70510927185005,-122.18156859213596,2.751535313041949
2020-02-17,44.70564826102052,-122.17941263545409,5.717027701406222
2020-02-17,44.696485445122505,-122.21821985572804,0.8594090963365546
2020-02-17,44.725590860327976,-122.16647689536276,0.8392573553913281
2020-02-17,44.6889395967359,-122.199894223932,0.8990810460663712
2020-02-17,44.71211613106618,-122.18102960296548,0.7688262449457083
2020-02-17,44.694329488440616,-122.21067400734142,0.6045396340374934
2020-02-17,44.71804501194137,-122.1880364621816,0.8916881242341166
2020-02-17,44.716967033600426,-122.12659169674784,1.0408000663707422
2020-02-17,44.727746817009866,-122.15084620941909,0.9905708062570255
2020-02-17,44.70403129350911,-122.24085740088783,0.9337396509950534
2020-02-17,44.69810241263392,-122.19881624559105,0.28271928310965194
2020-02-17,44.7385266004193,-122.1600090253171,1.3949275082645936
2020-02-17,44.69325151009967,-122.21229097485283,0.82813999618259
2020-02-17,44.73313670871458,-122.1637819495104,0.8391883379920143
2020-02-17,44.70780421770241,-122.1923483755454,0.34540086736551434
2020-02-17,44.69540746678156,-122.21175198568235,0.727699562066605
2020-02-17,44.71966197945279,-122.18156859213596,0.8551165085050014
2020-02-17,44.68301071586071,-122.19342635388634,1.1399135291838522
2020-02-17,44.712655120236654,-122.18588050549972,0.7612041942289705
2020-02-17,44.702953315168166,-122.23654548752408,0.7953193036535959
2020-02-17,44.70349230433864,-122.237623465865,0.8230406217943501
2020-02-17,44.72073995779373,-122.18318555964736,0.8683017263461641
2020-02-17,44.72828580618033,-122.1637819495104,0.8788794324375026
2020-02-17,44.70510927185005,-122.18911444052256,0.22606610575681163
2020-02-17,44.71858400111184,-122.15677509029426,0.815256886027061
2020-02-17,44.71588905525949,-122.24409133591068,0.8235433878775098
2020-02-17,44.72397389281656,-122.1389884476687,1.5321047090309299
2020-02-17,44.727746817009866,-122.17348375457888,0.903711949667295
2020-02-17,44.68732262922448,-122.19827725642058,0.8401504681775502
2020-02-17,44.692173531758726,-122.21229097485283,0.9087800352473742
2020-02-17,44.69756342346345,-122.21282996402331,0.8439022713860654
2020-02-17,44.7137330985776,-122.15947003614662,1.1420974006078486
2020-02-17,44.72235692530514,-122.18210758130644,0.846236852330109
2020-02-17,44.69810241263392,-122.23061660664888,0.7085320993994247
2020-02-17,44.725590860327976,-122.15354115527144,0.8362480242006185
2020-02-17,44.72235692530514,-122.18480252715878,0.8340809373485876
2020-02-17,44.72073995779373,-122.17671768960172,1.4622802680978126
2020-02-17,44.72397389281656,-122.16863285204464,1.490091154801534
2020-02-17,44.696485445122505,-122.22630469328512,0.8573569874108538
2020-02-17,44.70726522853194,-122.237623465865,0.7426576761129465
2020-02-17,44.714811076918544,-122.1637819495104,1.0799201556559572
2020-02-17,44.71319410940713,-122.19180938637491,0.9165391482212281
2020-02-17,44.725590860327976,-122.15515812278284,0.7492762582307797
2020-02-17,44.70349230433864,-122.23708447669456,0.8442948551274342
2020-02-17,44.69594645595203,-122.25055920595634,0.8668909636513743
2020-02-17,44.694329488440616,-122.20905703983,0.5921028302215245
2020-02-17,44.72181793613468,-122.15461913361236,0.7791390162548033
2020-02-17,44.694329488440616,-122.21983682323943,0.7443763703287362
2020-02-17,44.716428044429954,-122.15893104697616,0.9044562742271522
2020-02-17,44.72612984949845,-122.17779566794266,0.9022154324784124
2020-02-17,44.69001757507685,-122.20905703983,1.1373983137032662
2020-02-17,44.7099601743843,-122.2397794225469,0.8010605743623211
2020-02-17,44.67708183498552,-122.1880364621816,3.006203573421286
2020-02-17,44.7288247953508,-122.16324296033991,0.8793597928468666
2020-02-17,44.72343490364609,-122.17671768960172,0.8327813627833216
2020-02-17,44.725051871157504,-122.14869025273718,0.8202546882856535
2020-02-17,44.71319410940713,-122.1826465704769,0.8727994384904927
2020-02-17,44.69918039097486,-122.19127039720443,0.19971329950582384
2020-02-17,44.694329488440616,-122.22468772577368,0.3174542307854511
2020-02-17,44.7137330985776,-122.17941263545409,0.8093816927696501
2020-02-17,44.721278946964205,-122.1540801444419,0.8154119580449644
2020-02-17,44.69971938014533,-122.1939653430568,0.2582681872454876
2020-02-17,44.71912299028232,-122.1885754513521,0.9956303419834746
2020-02-17,44.71966197945279,-122.17671768960172,1.4910053152089213
2020-02-17,44.71427208774807,-122.18049061379502,0.8126952020794438
2020-02-17,44.71211613106618,-122.18480252715878,0.6383531134887509
2020-02-17,44.725590860327976,-122.16432093868086,0.9047031167017672
2020-02-17,44.70780421770241,-122.18318555964736,0.745067237738305
2020-02-17,44.725051871157504,-122.18156859213596,0.8896533723458563
2020-02-17,44.72397389281656,-122.16647689536276,1.0002251833593057
2020-02-17,44.731519741203165,-122.16270397116944,0.7267305110891351
2020-02-17,44.69001757507685,-122.20258916978436,0.9881552931037992
2020-02-17,44.69379049927014,-122.22307075826228,1.1295425893594684
2020-02-17,44.69810241263392,-122.19127039720443,0.3249778571954777
2020-02-17,44.71804501194137,-122.12713068591832,0.8724050947961098
2020-02-17,44.69971938014533,-122.228460649967,0.8356250302885176
2020-02-17,44.70942118521383,-122.18911444052256,0.28768207245178085
2020-02-17,44.72343490364609,-122.13791046932776,2.8260576784608036
2020-02-17,44.69540746678156,-122.22684368245558,0.8240471432580553
2020-02-17,44.710499163554765,-122.18749747301116,0.3376425117694032
2020-02-17,44.702414325997694,-122.23438953084218,0.7331177488899827
2020-02-17,44.727746817009866,-122.14707328522576,0.8217783183666278
2020-02-17,44.721278946964205,-122.13467653430492,2.482008936951929
2020-02-17,44.72612984949845,-122.17402274374936,0.8780695190539572
2020-02-17,44.72073995779373,-122.13198158845256,0.9297372951898991
2020-02-17,44.71912299028232,-122.12874765342973,1.0288827688973858
2020-02-17,44.725590860327976,-122.14114440435058,0.9277388111113914
2020-02-17,44.725590860327976,-122.14383935020294,0.8633289828032894
2020-02-17,44.7099601743843,-122.17779566794266,0.9162907318741551
2020-02-17,44.67923779166741,-122.19180938637491,1.0289268164377843
2020-02-17,44.696485445122505,-122.20582310480718,0.5048375819213682
2020-02-17,44.73098075203269,-122.16054801448756,0.8853831944110784
2020-02-17,44.70133634765675,-122.19881624559105,0.40719073407563416
2020-02-17,44.69379049927014,-122.22468772577368,1.824549292051046
2020-02-17,44.71588905525949,-122.17024981955603,0.7345635929734695
2020-02-17,44.72720782783939,-122.171327797897,0.7737299325302384
2020-02-17,44.70403129350911,-122.23924043337642,0.8561829144587615
2020-02-17,44.71912299028232,-122.1788736462836,0.7415508215009613
2020-02-17,44.71103815272524,-122.19288736471586,0.9079067748628122
2020-02-17,44.71804501194137,-122.16108700365804,1.622683139184121
2020-02-17,44.69756342346345,-122.23277256333076,0.7224615682287207
2020-02-17,44.69756342346345,-122.24409133591068,0.8991384814398047
2020-02-17,44.69325151009967,-122.25325415180868,0.898061060382494
2020-02-17,44.69702443429298,-122.19666028890916,0.2645807411783829
2020-02-17,44.71103815272524,-122.24139639005833,0.8279080139438537
2020-02-17,44.69756342346345,-122.24570830342208,0.9435352539807206
2020-02-17,44.702414325997694,-122.19881624559105,0.5316597106688327
2020-02-17,44.69163454258826,-122.21229097485283,0.8802928898633412
2020-02-17,44.67977678083789,-122.19342635388634,0.9135965227904637
2020-02-17,44.704570282679576,-122.19127039720443,0.27910884174129275
2020-02-17,44.69594645595203,-122.20582310480718,0.5020919437972361
2020-02-17,44.70618725019099,-122.18102960296548,0.879505884540871
2020-02-17,44.69055656424732,-122.21444693153472,2.1972245773362196
2020-02-17,44.721278946964205,-122.2473252709335,0.8356154845328468
2020-02-17,44.73421468705553,-122.1616259928285,0.7908071432514346
2020-02-17,44.69971938014533,-122.20366714812528,0.44751334435166373
2020-02-17,44.72181793613468,-122.25002021678588,0.9186244552203752
2020-02-17,44.721278946964205,-122.24624729259256,0.8456702419184947
2020-02-17,44.69486847761109,-122.21929783406898,0.7568629949460531
2020-02-17,44.73044176286222,-122.1653989170218,0.7188821030803071
2020-02-17,44.71858400111184,-122.15569711195332,0.7972615084068713
2020-02-17,44.72235692530514,-122.18695848384068,0.9186074040320839
2020-02-17,44.69055656424732,-122.20582310480718,0.8403367707161253
2020-02-17,44.694329488440616,-122.20312815895484,0.6878886233064784
2020-02-17,44.714811076918544,-122.1675548737037,1.1124056108004454
2020-02-17,44.67869880249694,-122.1901924188635,0.9763762250209841
2020-02-17,44.716967033600426,-122.2451693142516,0.820695611193134
2020-02-17,44.71912299028232,-122.25002021678588,0.929429840939564
2020-02-17,44.69864140180439,-122.24463032508116,0.786203203309471
2020-02-17,44.71319410940713,-122.18102960296548,0.7882961610409583
2020-02-17,44.7288247953508,-122.1670158845332,0.7198793687140365
2020-02-17,44.71858400111184,-122.15354115527144,0.9347527947138905
2020-02-17,44.69325151009967,-122.21282996402331,0.8820053556564073
2020-02-17,44.69109555341779,-122.2149859207052,0.8355086526327399
2020-02-17,44.710499163554765,-122.17563971126076,0.9808292530117263
2020-02-17,44.68354970503118,-122.19719927807964,1.1050102631477694
2020-02-17,44.69486847761109,-122.2133689531938,0.8578172267785776
2020-02-17,44.715350066089016,-122.17563971126076,0.9092041780433306
2020-02-17,44.71157714189571,-122.24085740088783,0.8298386390154351
2020-02-17,44.71858400111184,-122.13144259928208,0.8442434411650078
2020-02-17,44.72828580618033,-122.14707328522576,0.8634554171347893
2020-02-17,44.70780421770241,-122.23438953084218,0.7887436472256588
2020-02-17,44.69379049927014,-122.22037581240993,0.3364722366212129
2020-02-17,44.71103815272524,-122.17456173291984,1.4384801142904609
2020-02-17,44.71804501194137,-122.24409133591068,0.813171843637461
2020-02-17,44.69486847761109,-122.19666028890916,1.6810939013405355
2020-02-17,44.70888219604336,-122.23438953084218,0.8703462558234946
2020-02-17,44.70888219604336,-122.24085740088783,0.8442698489895625
2020-02-17,44.72073995779373,-122.1600090253171,0.9594729282492906
2020-02-17,44.71427208774807,-122.1670158845332,1.1786549963416462
2020-02-17,44.70834320687288,-122.23816245503548,0.780293446603533
2020-02-17,44.69756342346345,-122.2225317690918,0.7518150286487482
2020-02-17,44.70564826102052,-122.18911444052256,0.2436220826577505
2020-02-17,44.70510927185005,-122.1923483755454,0.2817683946617333
2020-02-17,44.70564826102052,-122.17995162462454,3.6635616461296463
2020-02-17,44.6889395967359,-122.20690108314813,6.3818160174060985
2020-02-17,44.70564826102052,-122.24139639005833,0.9601901201421259
2020-02-17,44.68570566171307,-122.20151119144342,3.9673849347608128
2020-02-17,44.69486847761109,-122.21714187738708,0.5570886195446849
2020-02-17,44.71211613106618,-122.19073140803395,0.8579643808471036
2020-02-17,44.7175060227709,-122.13036462094114,0.9590084615593094
2020-02-17,44.702953315168166,-122.18749747301116,0.2591087000077249
2020-02-17,44.67923779166741,-122.19504332139776,1.046122106046713
2020-02-17,44.7175060227709,-122.16108700365804,1.0986122886681098
2020-02-17,44.69918039097486,-122.1939653430568,0.2550112901622323
2020-02-17,44.712655120236654,-122.17024981955603,1.252762968495368
2020-02-17,44.69918039097486,-122.20366714812528,0.42803943014670337
2020-02-17,44.69379049927014,-122.2133689531938,0.7551505078651847
2020-02-17,44.716428044429954,-122.15569711195332,1.1748647201678653
2020-02-17,44.725051871157504,-122.1540801444419,0.7790508826221991
2020-02-17,44.721278946964205,-122.15893104697616,0.8724881092157621
2020-02-17,44.71319410940713,-122.18480252715878,0.8136595012383738
2020-02-17,44.692173531758726,-122.20582310480718,0.7895721876815166
2020-02-17,44.69540746678156,-122.228460649967,1.256616537811358
2020-02-17,44.71912299028232,-122.18695848384068,0.9027114737477743
2020-02-17,44.71912299028232,-122.13144259928208,0.845788198264735
2020-02-17,44.684088694201655,-122.19558231056824,1.1182850542668146
2020-02-17,44.71588905525949,-122.17941263545409,0.7424075294014105
2020-02-17,44.69001757507685,-122.20097220227294,0.9307669028189957
2020-02-17,44.72020096862326,-122.25055920595634,0.9465637748451786
2020-02-17,44.68732262922448,-122.20420613729576,1.7768338190113793
2020-02-17,44.725590860327976,-122.14545631771436,0.9886113934537812
2020-02-17,44.67869880249694,-122.19180938637491,1.1535711729488671
2020-02-17,44.71157714189571,-122.19288736471586,0.9445320189799404
2020-02-17,44.72720782783939,-122.15731407946473,0.9331163942930486
2020-02-17,44.6927125209292,-122.2074400723186,0.7421365677602184
2020-02-17,44.69486847761109,-122.21444693153472,0.8151301383916547
2020-02-17,44.727746817009866,-122.1691718412151,0.7443892616183622
2020-02-17,44.73205873037364,-122.1653989170218,0.8598848039606029
2020-02-17,44.69055656424732,-122.20205018061388,0.7861573757788286
2020-02-17,44.7288247953508,-122.1637819495104,0.8359762481424166
2020-02-17,44.725051871157504,-122.14491732854388,1.319155058282262
2020-02-17,44.70888219604336,-122.19127039720443,0.3153140111138668
2020-02-17,44.72612984949845,-122.1691718412151,0.7391647912155189
2020-02-17,44.69486847761109,-122.19881624559105,0.6931471805599453
2020-02-17,44.696485445122505,-122.25002021678588,0.8486320834003402
2020-02-17,44.72235692530514,-122.24678628176304,1.03441913102905
2020-02-17,44.70349230433864,-122.19558231056824,0.34778599652148634
2020-02-17,44.69918039097486,-122.20474512646624,0.46120709111639946
2020-02-17,44.73906558958977,-122.15893104697616,0.8570889384168104
2020-02-17,44.71588905525949,-122.17402274374936,0.8729710143825735
2020-02-17,44.727746817009866,-122.1481512635667,0.8501241917591488
2020-02-17,44.69918039097486,-122.23277256333076,0.7093042027791061
2020-02-17,44.716967033600426,-122.15569711195332,1.0986122886681098
2020-02-17,44.70942118521383,-122.18102960296548,0.7700810481522342
2020-02-17,44.68947858590637,-122.20528411563672,0.8729846270679393
2020-02-17,44.69702443429298,-122.24301335756974,0.9428209193833915
2020-02-17,44.7137330985776,-122.16054801448756,0.8603251272409821
2020-02-17,44.69379049927014,-122.2225317690918,1.0966261906964803
2020-02-17,44.69810241263392,-122.21067400734142,0.6773988235918061
2020-02-17,44.71804501194137,-122.18695848384068,0.8817884751423919
2020-02-17,44.72612984949845,-122.171327797897,0.739060131946494
2020-02-17,44.716428044429954,-122.18749747301116,0.8643011518742634
2020-02-17,44.71211613106618,-122.24085740088783,0.8199659530312126
2020-02-17,44.70349230433864,-122.18372454881784,5.752572638825633
2020-02-17,44.72020096862326,-122.17833465711313,0.7424025692085754
2020-02-17,44.72343490364609,-122.15515812278284,0.77707031746003
2020-02-17,44.69486847761109,-122.19612129973868,2.0541237336955462
2020-02-17,44.69486847761109,-122.2149859207052,0.8359575326698215
2020-02-17,44.69163454258826,-122.20205018061388,1.080398922362091
2020-02-17,44.712655120236654,-122.16593790619228,1.3173014896329391
2020-02-17,44.70726522853194,-122.18372454881784,0.5471932679368656
2020-02-17,44.71427208774807,-122.24463032508116,0.849687347784585
2020-02-17,44.6927125209292,-122.21013501817096,0.8217411323205444
2020-02-17,44.69540746678156,-122.20043321310249,0.29933268967175614
2020-02-17,44.71211613106618,-122.2397794225469,0.7981086245791171
2020-02-17,44.71858400111184,-122.18210758130644,0.8072540117967775
2020-02-17,44.73044176286222,-122.16324296033991,0.7267168502888924
2020-02-17,44.71319410940713,-122.17833465711313,0.7713590035977262
2020-02-17,44.69540746678156,-122.21821985572804,0.44434689565237184
2020-02-17,44.71427208774807,-122.15893104697616,0.9434378515625533
2020-02-17,44.69864140180439,-122.22738267162605,0.8514732317976842
2020-02-17,44.6927125209292,-122.20420613729576,0.5285588307017856
2020-02-17,44.72181793613468,-122.1330595667935,0.9267953645192405
2020-02-17,44.70403129350911,-122.23438953084218,0.7807675807273065
2020-02-17,44.712655120236654,-122.16270397116944,0.973701639087494
2020-02-17,44.715350066089016,-122.1880364621816,0.8663080910064196
2020-02-17,44.71157714189571,-122.24409133591068,1.0168056898984583
2020-02-17,44.72936378452128,-122.15893104697616,1.0687593255184287
2020-02-17,44.696485445122505,-122.23061660664888,0.6843053899784843
2020-02-17,44.68624465088354,-122.20097220227294,1.0986122886681098
2020-02-17,44.72181793613468,-122.18695848384068,1.0061587213757948
2020-02-17,44.70079735848628,-122.19127039720443,0.22212780719437428
2020-02-17,44.72343490364609,-122.1826465704769,0.8950753423933866
2020-02-17,44.69810241263392,-122.199894223932,0.2792330179652533
2020-02-17,44.72612984949845,-122.1670158845332,0.7281166979161917
2020-02-17,44.71858400111184,-122.18695848384068,0.8853663359797552
2020-02-17,44.69756342346345,-122.22522671494416,0.6206676080495613
2020-02-17,44.73637064373741,-122.15947003614662,0.8018075342203268
2020-02-17,44.69971938014533,-122.19719927807964,0.2841547319338126
2020-02-17,44.69756342346345,-122.23385054167171,0.6960304117740302
2020-02-17,44.69486847761109,-122.20420613729576,0.407138748666194
2020-02-17,44.71588905525949,-122.15569711195332,1.822333049256942
2020-02-17,44.71427208774807,-122.16054801448756,0.8724881092157621
2020-02-17,44.72235692530514,-122.14976823107811,0.8003878037930657
2020-02-17,44.675464867474105,-122.19558231056824,1.0785715377846636
2020-02-17,44.69486847761109,-122.19935523476153,0.6931471805599453
2020-02-17,44.70888219604336,-122.18965342969304,0.2923224520082831
2020-02-17,44.710499163554765,-122.24139639005833,0.8304090249796473
2020-02-17,44.704570282679576,-122.18156859213596,5.247024072160486
2020-02-17,44.69756342346345,-122.1923483755454,1.3862943611198906
2020-02-17,44.70834320687288,-122.24031841171735,0.8451000573047243
2020-02-17,44.69486847761109,-122.20905703983,0.5579910922084207
2020-02-17,44.71966197945279,-122.18049061379502,0.7486000467726192
2020-02-17,44.71912299028232,-122.24786426010398,0.7604993625894368
2020-02-17,44.710499163554765,-122.19288736471586,0.8139930057468745
2020-02-17,44.69702443429298,-122.228460649967,0.6112684067968358
2020-02-17,44.714811076918544,-122.1864194946702,0.8777184570879153
2020-02-17,44.7137330985776,-122.17779566794266,0.7865400620895385
2020-02-17,44.6927125209292,-122.20474512646624,0.6063918527331534
2020-02-17,44.73098075203269,-122.1653989170218,0.8036613250674056
2020-02-17,44.715350066089016,-122.1653989170218,1.0560526742493137
2020-02-17,44.69810241263392,-122.23331155250123,0.7207063359820264
2020-02-17,44.71804501194137,-122.2451693142516,0.8385288328636126
2020-02-17,44.70079735848628,-122.19180938637491,0.22024079165624832
2020-02-17,44.702953315168166,-122.1864194946702,0.2917062227515063
2020-02-17,44.71804501194137,-122.1653989170218,1.0259896491305796
2020-02-17,44.714811076918544,-122.17510072209028,0.7394329251647664
2020-02-17,44.70025836931581,-122.23654548752408,0.7950683119158621
2020-02-17,44.72235692530514,-122.18318555964736,0.7971793807689757
2020-02-17,44.70942118521383,-122.18210758130644,0.7899948366440694
2020-02-17,44.69702443429298,-122.2225317690918,0.5795924810130829
2020-02-17,44.731519741203165,-122.16647689536276,0.8492037973955759
2020-02-17,44.69918039097486,-122.23654548752408,0.7426379218122893
2020-02-17,44.69109555341779,-122.21282996402331,0.8693003578536888
2020-02-17,44.71858400111184,-122.24409133591068,0.8400383003743994
2020-02-17,44.71319410940713,-122.17078880872651,1.0726368022648491
2020-02-17,44.725051871157504,-122.17617870043124,0.9522092956316773
2020-02-17,44.71319410940713,-122.16485992785134,0.6805287166007338
2020-02-17,44.71319410940713,-122.16054801448756,0.9376819218554726
2020-02-17,44.714811076918544,-122.15677509029426,1.1636547150821535
2020-02-17,44.72343490364609,-122.1540801444419,0.7866031114796024
2020-02-17,44.72936378452128,-122.17078880872651,0.8263851028962282
2020-02-17,44.722895914475615,-122.17833465711313,0.9301236550440434
2020-02-17,44.704570282679576,-122.19612129973868,0.38991269510067955
2020-02-17,44.725051871157504,-122.13629350181633,1.2786859202197587
2020-02-17,44.70025836931581,-122.20420613729576,0.5323739599721936
2020-02-17,44.716428044429954,-122.17240577623794,1.2997753281902285
2020-02-17,44.71804501194137,-122.12605270757736,0.9845816026302767
2020-02-17,44.71427208774807,-122.24570830342208,0.6675866835804101
2020-02-17,44.71157714189571,-122.17833465711313,0.783691818004755
2020-02-17,44.69001757507685,-122.2074400723186,0.8744166594030962
2020-02-17,44.7288247953508,-122.16971083038558,0.8177445526360589
2020-02-17,44.6851666725426,-122.19935523476153,0.9182788040995413
2020-02-17,44.73475367622599,-122.16054801448756,0.7534002163189679
2020-02-17,44.725590860327976,-122.17024981955603,0.726744777843489
2020-02-17,44.69325151009967,-122.20474512646624,0.5376158571335595
2020-02-17,44.69540746678156,-122.22630469328512,0.8365346334109249
2020-02-17,44.72235692530514,-122.24786426010398,0.9395475940384223
2020-02-17,44.71211613106618,-122.17671768960172,0.9072880650530973
2020-02-17,44.69756342346345,-122.22738267162605,0.8252998676956634
2020-02-17,44.71912299028232,-122.24409133591068,0.8590058078183378
2020-02-17,44.727746817009866,-122.17240577623794,0.8860508466844369
2020-02-17,44.70564826102052,-122.1885754513521,0.2336148511815051
2020-02-17,44.706726239361466,-122.23438953084218,0.7859696148798807
2020-02-17,44.72451288198703,-122.14922924190763,0.7566724570570175
2020-02-17,44.72936378452128,-122.16647689536276,0.7179409243161582
2020-02-17,44.7099601743843,-122.19288736471586,0.8313468044030198
2020-02-17,44.69540746678156,-122.21282996402331,0.7466682819979596
2020-02-17,44.71103815272524,-122.17402274374936,1.1700712526502546
2020-02-17,44.70834320687288,-122.19450433222728,0.8523698842754837
2020-02-17,44.70726522853194,-122.23546750918312,0.7760250407002734
2020-02-17,44.71427208774807,-122.18480252715878,0.930056927638303
2020-02-17,44.72828580618033,-122.16485992785134,0.8221919392561271
2020-02-17,44.69379049927014,-122.21768086655756,0.6395794348507252
2020-02-17,44.69702443429298,-122.22792166079653,0.7541545286679691
2020-02-17,44.71588905525949,-122.16485992785134,0.9844989819006887
2020-02-17,44.694329488440616,-122.2166028882166,0.718203760397283
2020-02-17,44.714811076918544,-122.17186678706749,0.7276622150463208
2020-02-17,44.70834320687288,-122.23385054167171,1.0806541131705778
2020-02-17,44.69486847761109,-122.24139639005833,2.6470609294757805
2020-02-17,44.69864140180439,-122.23115559581936,0.7096084576140173
2020-02-17,44.6851666725426,-122.1977382672501,1.0964312627217494
2020-02-17,44.69702443429298,-122.21714187738708,0.8193240083447975
2020-02-17,44.72451288198703,-122.1826465704769,0.8903152454708945
2020-02-17,44.70726522853194,-122.1885754513521,0.26768140574511146
2020-02-17,44.72181793613468,-122.17941263545409,0.8551681985097168
2020-02-17,44.714811076918544,-122.16809386287416,1.1113513144455394
2020-02-17,44.69702443429298,-122.24624729259256,0.9593473641958266
2020-02-17,44.706726239361466,-122.18695848384068,0.25737672295645186
2020-02-17,44.70510927185005,-122.18588050549972,0.23825718912425795
2020-02-17,44.69486847761109,-122.20258916978436,0.3733767935566639
2020-02-17,44.69001757507685,-122.20366714812528,0.9888938128484567
2020-02-17,44.733675697885054,-122.16432093868086,0.9003427349013601
2020-02-17,44.681393748349294,-122.19342635388634,0.9114422375275336
2020-02-17,44.68786161839496,-122.19827725642058,1.141931163386952
2020-02-17,44.70726522853194,-122.19612129973868,0.9256584818777551
2020-02-17,44.73098075203269,-122.16485992785134,0.7938068004580376
2020-02-17,44.694329488440616,-122.20043321310249,1.0935489867115629
2020-02-17,44.727746817009866,-122.14922924190763,0.8819824611950228
2020-02-17,44.72073995779373,-122.1578530686352,0.8994836135577737
2020-02-17,44.70780421770241,-122.18049061379502,2.3978952727983707
2020-02-17,44.684088694201655,-122.19881624559105,1.647649761914582
2020-02-17,44.71858400111184,-122.18749747301116,0.9132641784564389
2020-02-17,44.72451288198703,-122.1503072202486,0.7488462705698796
2020-02-17,44.72343490364609,-122.1691718412151,1.713797927758343
2020-02-17,44.725590860327976,-122.16108700365804,0.9273541514184104
2020-02-17,44.69325151009967,-122.25163718429728,2.9923933722884763
2020-02-17,44.69756342346345,-122.1977382672501,0.2839437503411738
2020-02-17,44.69486847761109,-122.21606389904616,0.6190392084062235
2020-02-17,44.73475367622599,-122.1637819495104,1.4673021645736597
2020-02-17,44.70079735848628,-122.19935523476153,0.44486765597419325
2020-02-17,44.721278946964205,-122.15354115527144,0.8068091135380048
2020-02-17,44.69379049927014,-122.21013501817096,0.635862798337894
2020-02-17,44.72936378452128,-122.16485992785134,0.725612900692308
2020-02-17,44.69486847761109,-122.22307075826228,0.8418303782050703
2020-02-17,44.710499163554765,-122.24085740088783,0.8146661441352451
2020-02-17,44.72235692530514,-122.15138519858954,0.8487940521788304
2020-02-17,44.70510927185005,-122.19612129973868,0.4084908290247013
2020-02-17,44.722895914475615,-122.1826465704769,0.8512364239661321
2020-02-17,44.69702443429298,-122.20582310480718,0.5075946031845441
2020-02-17,44.69864140180439,-122.20474512646624,0.46608972992459924
2020-02-17,44.721278946964205,-122.17995162462454,0.7640839233915914
2020-02-17,44.70403129350911,-122.1977382672501,0.4938760654522174
2020-02-17,44.70510927185005,-122.19450433222728,0.32047189527477177
2020-02-17,44.67977678083789,-122.19504332139776,1.0863296368122681
2020-02-17,44.70726522853194,-122.18480252715878,0.3147107448397002
2020-02-17,44.731519741203165,-122.16054801448756,0.8712327249682938
2020-02-17,44.69756342346345,-122.20312815895484,0.44845529303953274
2020-02-17,44.71103815272524,-122.18049061379502,0.7365155645507119
2020-02-17,44.68031577000835,-122.1939653430568,0.891439753617129
2020-02-17,44.71966197945279,-122.1578530686352,1.199964782928397
2020-02-17,44.69594645595203,-122.2473252709335,1.1953319119756682
2020-02-17,44.68354970503118,-122.19288736471586,1.2573877402448448
2020-02-17,44.73583165456694,-122.15731407946473,0.9691082877135694
2020-02-17,44.725590860327976,-122.16863285204464,0.7373587028893834
2020-02-17,44.72666883866892,-122.14330036103246,0.8547773268184962
2020-02-17,44.70942118521383,-122.17671768960172,0.9932517730102834
2020-02-17,44.69540746678156,-122.24139639005833,1.3779955583051955
2020-02-17,44.725051871157504,-122.14545631771436,1.3127060044624015
2020-02-17,44.69810241263392,-122.22360974743276,0.8415900823341629
2020-02-17,44.69702443429298,-122.22360974743276,0.42094747225654133
2020-02-17,44.696485445122505,-122.22468772577368,0.5203950747821414
2020-02-17,44.71966197945279,-122.18426353798831,0.8808118791356778
2020-02-17,44.727746817009866,-122.16971083038558,0.7487170317147561
2020-02-17,44.712655120236654,-122.18480252715878,0.7684254278618575
2020-02-17,44.69971938014533,-122.23492852001266,0.6721429077894132
2020-02-17,44.69864140180439,-122.23438953084218,0.6872935053084847
2020-02-17,44.71966197945279,-122.13252057762304,0.9265720440900764
2020-02-17,44.70564826102052,-122.19180938637491,0.2707938544232592
2020-02-17,44.721278946964205,-122.17671768960172,0.8561868078044498
2020-02-17,44.67977678083789,-122.19288736471586,0.927408820458132
2020-02-17,44.69756342346345,-122.23115559581936,0.7164625224118413
2020-02-17,44.69810241263392,-122.24463032508116,0.9207253289420207
2020-02-17,44.69702443429298,-122.21390794236426,0.9414267051456973
2020-02-17,44.72397389281656,-122.17078880872651,0.7261903941528661
2020-02-17,44.71804501194137,-122.17779566794266,0.8919980393051105
2020-02-17,44.70888219604336,-122.17240577623794,0.8283606593674528
2020-02-17,44.72720782783939,-122.15623610112378,0.9637630529536068
2020-02-17,44.69756342346345,-122.23546750918312,0.7264594570270602
2020-02-17,44.70025836931581,-122.19827725642058,0.2830631265954864
2020-02-17,44.7137330985776,-122.18049061379502,0.8137118591782054
2020-02-17,44.72020096862326,-122.1503072202486,1.0934934475092029
2020-02-17,44.73906558958977,-122.1578530686352,0.7938835550030102
2020-02-17,44.70510927185005,-122.18749747301116,0.2437628385169455
2020-02-17,44.70942118521383,-122.2397794225469,0.7749982069902656
2020-02-17,44.72020096862326,-122.18426353798831,0.8727089128118612
2020-02-17,44.71157714189571,-122.23924043337642,0.8050228148066926
2020-02-17,44.706726239361466,-122.19127039720443,0.25077751551632993
2020-02-17,44.71211613106618,-122.1729447654084,0.9675840262617057
2020-02-17,44.72235692530514,-122.17671768960172,0.7545704669469996
2020-02-17,44.72666883866892,-122.17078880872651,0.7407840252041464
2020-02-17,44.71211613106618,-122.23816245503548,2.5002056870771696
2020-02-17,44.70834320687288,-122.18911444052256,0.252939124007908
2020-02-17,44.72451288198703,-122.17725667877218,0.8668405561305617
2020-02-17,44.69864140180439,-122.20851805065952,0.626338510887835
2020-02-17,44.72181793613468,-122.15677509029426,0.8189704258537795
2020-02-17,44.69594645595203,-122.20420613729576,0.44233564391649205
2020-02-17,44.71912299028232,-122.24570830342208,0.8546179418737093
2020-02-17,44.712655120236654,-122.16647689536276,1.578185368929996
2020-02-17,44.70888219604336,-122.23924043337642,0.8247745878411586
2020-02-17,44.72181793613468,-122.15300216610096,0.7964917345809965
2020-02-17,44.7175060227709,-122.15677509029426,1.032362903126909
2020-02-17,44.72020096862326,-122.17725667877218,1.498212277323876
2020-02-17,44.70618725019099,-122.23708447669456,0.6996788824231606
2020-02-17,44.71427208774807,-122.1637819495104,0.8145080375642126
2020-02-17,44.70349230433864,-122.19450433222728,0.3299575556000192
2020-02-17,44.72020096862326,-122.24463032508116,1.1101574084146515
2020-02-17,44.70726522853194,-122.23438953084218,0.7765222148554242
2020-02-17,44.72397389281656,-122.17941263545409,0.8988768282519148
2020-02-17,44.7288247953508,-122.15731407946473,1.0572709485116683
2020-02-17,44.725590860327976,-122.17671768960172,0.9322385370362871
2020-02-17,44.70834320687288,-122.18426353798831,0.4611929995635807
2020-02-17,44.70403129350911,-122.18749747301116,0.2641515750415869
2020-02-17,44.72343490364609,-122.1352155234754,0.8577825129640979
2020-02-17,44.694329488440616,-122.25271516263822,0.9564292973176654
2020-02-17,44.70780421770241,-122.17348375457888,1.0461487191323688
2020-02-17,44.72020096862326,-122.13144259928208,0.9654836833370659
2020-02-17,44.71912299028232,-122.15300216610096,0.7953834924780289
2020-02-17,44.70187533682722,-122.23277256333076,0.7341633309880039
2020-02-17,44.721278946964205,-122.18049061379502,0.8754687373538999
2020-02-17,44.72235692530514,-122.17510072209028,0.921156921525328
2020-02-17,44.72666883866892,-122.16270397116944,0.8946694728174572
2020-02-17,44.72181793613468,-122.2473252709335,0.9530307869719272
2020-02-17,44.72612984949845,-122.17617870043124,0.9162907318741551
2020-02-17,44.71858400111184,-122.24678628176304,0.6691939395374524
2020-02-17,44.716428044429954,-122.17941263545409,0.7389757296246745
2020-02-17,44.72020096862326,-122.15084620941909,0.8844296298051709
2020-02-17,44.72666883866892,-122.15839205780568,0.9171001208297135
2020-02-17,44.70726522853194,-122.17671768960172,1.2172180310759566
2020-02-17,44.71211613106618,-122.17024981955603,2.431417964837014
2020-02-17,44.7175060227709,-122.2473252709335,0.9229108369637612
2020-02-17,44.696485445122505,-122.23438953084218,3.171247775878946
2020-02-17,44.72828580618033,-122.14761227439624,0.9697544664140819
2020-02-17,44.69810241263392,-122.2112129965119,0.7253042921944766
2020-02-17,44.716428044429954,-122.16432093868086,1.0861897686695525
2020-02-17,44.727746817009866,-122.16270397116944,0.9726180631813315
2020-02-17,44.70726522853194,-122.17725667877218,1.3143208614948014
2020-02-17,44.69325151009967,-122.20582310480718,0.6209847343117149
2020-02-17,44.70942118521383,-122.23870144420596,0.784329103503633
2020-02-17,44.7137330985776,-122.17456173291984,0.7396671961948382
2020-02-17,44.70349230433864,-122.2397794225469,0.82676448014728
2020-02-17,44.72181793613468,-122.18372454881784,0.8350126935926259
2020-02-17,44.696485445122505,-122.20797906148908,0.5488436909535116
2020-02-17,44.692173531758726,-122.21983682323943,4.4295628801837195
2020-02-17,44.696485445122505,-122.2166028882166,0.6118015411059929
2020-02-17,44.69540746678156,-122.21552490987568,0.9267124273365691
2020-02-17,44.7175060227709,-122.1653989170218,1.3217558399823195
2020-02-17,44.696485445122505,-122.22684368245558,0.8101276479549513
2020-02-17,44.714811076918544,-122.16324296033991,1.0663514264498881
2020-02-17,44.70780421770241,-122.1939653430568,0.8204215136014115
2020-02-17,44.725590860327976,-122.1389884476687,0.8522734901168952
2020-02-17,44.71103815272524,-122.2397794225469,0.8076679195561812
2020-02-17,44.70564826102052,-122.23546750918312,0.7840965816440403
2020-02-17,44.69702443429298,-122.19827725642058,0.27910884174129275
2020-02-17,44.716428044429954,-122.15515812278284,2.408134270099465
2020-02-17,44.69001757507685,-122.20851805065952,1.32004497557869
2020-02-17,44.70942118521383,-122.1880364621816,0.30894756323112293
2020-02-17,44.704570282679576,-122.19504332139776,0.35156933990303213
2020-02-17,44.70834320687288,-122.18480252715878,0.31318064922037653
2020-02-17,44.72397389281656,-122.17510072209028,0.8060162014138998
2020-02-17,44.70834320687288,-122.19558231056824,0.8607820134366947
2020-02-17,44.71588905525949,-122.15947003614662,0.923163611161917
2020-02-17,44.72612984949845,-122.1616259928285,0.8931552023646104
2020-02-17,44.714811076918544,-122.16971083038558,0.7645785579546874
2020-02-17,44.69486847761109,-122.22037581240993,0.7004518149388326
2020-02-17,44.727746817009866,-122.16432093868086,0.848288057517323
2020-02-17,44.69594645595203,-122.22199277992134,0.38421999949442825
2020-02-17,44.73205873037364,-122.1637819495104,0.8149812839827432
2020-02-17,44.694329488440616,-122.20636209397766,0.5554052553990791
2020-02-17,44.69918039097486,-122.23438953084218,0.7073318155519017
2020-02-17,44.70403129350911,-122.23546750918312,0.7665026300169613
2020-02-17,44.72828580618033,-122.16971083038558,0.7431576011346067
2020-02-17,44.70942118521383,-122.23654548752408,0.778057471215754
2020-02-17,44.71103815272524,-122.19073140803395,0.8100280961731909
2020-02-17,44.722895914475615,-122.1729447654084,2.0476928433652555
2020-02-17,44.6889395967359,-122.20205018061388,0.8832656279583746
2020-02-17,44.72397389281656,-122.16971083038558,0.8441874379728113
2020-02-17,44.70780421770241,-122.23870144420596,0.7373369915903161
2020-02-17,44.716428044429954,-122.18534151632926,0.8619446214390609
2020-02-17,44.69702443429298,-122.1977382672501,0.27329333499968134
2020-02-17,44.727746817009866,-122.14545631771436,0.8277714380368485
2020-02-17,44.70187533682722,-122.1923483755454,0.24976283758948714
2020-02-17,44.72073995779373,-122.15839205780568,1.0473189942805592
2020-02-17,44.69918039097486,-122.237623465865,0.825289783841695
2020-02-17,44.70403129350911,-122.1923483755454,0.24772376015017752
2020-02-17,44.67815981332647,-122.19073140803395,1.1932007073440247
2020-02-17,44.71319410940713,-122.16270397116944,0.7509667514487716
2020-02-17,44.70726522853194,-122.17456173291984,1.0501061750615874
2020-02-17,44.70888219604336,-122.1729447654084,0.8313912880876688
2020-02-17,44.69756342346345,-122.24678628176304,0.9456911039321549
2020-02-17,44.73044176286222,-122.16971083038558,0.8485098348417022
2020-02-17,44.72990277369175,-122.15839205780568,0.9511030727465256
2020-02-17,44.71103815272524,-122.1880364621816,0.4054651081081644
2020-02-17,44.706726239361466,-122.18372454881784,0.6931471805599453
2020-02-17,44.73960457876024,-122.15677509029426,0.8013845948657299
2020-02-17,44.7288247953508,-122.16647689536276,0.7230771442692615
2020-02-17,44.72020096862326,-122.2451693142516,0.9122827104766164
2020-02-17,44.721278946964205,-122.15138519858954,0.8005799011655865
2020-02-17,44.71588905525949,-122.2435523467402,0.8166328793285108
2020-02-17,44.67815981332647,-122.1901924188635,0.8823143774905807
2020-02-17,44.694329488440616,-122.20258916978436,0.789863088938753
2020-02-17,44.68462768337213,-122.19935523476153,1.615480226890063
2020-02-17,44.716428044429954,-122.2451693142516,0.8277507172930383
2020-02-17,44.702414325997694,-122.18749747301116,0.23940407218599002
2020-02-17,44.70834320687288,-122.19342635388634,0.8301841568592628
2020-02-17,44.69810241263392,-122.22414873660324,0.8120869543441526
2020-02-17,44.712655120236654,-122.24139639005833,0.8323292446932823
2020-02-17,44.73690963290788,-122.16108700365804,1.1337665542138828
2020-02-17,44.71912299028232,-122.24840324927445,0.8767985247839015
2020-02-17,44.69540746678156,-122.21013501817096,0.622529613345992
2020-02-17,44.71912299028232,-122.2435523467402,1.2726350426473692
2020-02-17,44.69540746678156,-122.20205018061388,0.3669314441059215
2020-02-17,44.72936378452128,-122.16863285204464,0.8023779344010117
2020-02-17,44.70834320687288,-122.17024981955603,1.2663686205511466
2020-02-17,44.68624465088354,-122.20043321310249,1.6094379124341003
2020-02-17,44.7099601743843,-122.17617870043124,0.9444616088408513
2020-02-17,44.67815981332647,-122.1939653430568,1.532988740270694
2020-02-17,44.725051871157504,-122.13952743683916,0.9331518298402215
2020-02-17,44.70133634765675,-122.23385054167171,0.7636513112131736
2020-02-17,44.710499163554765,-122.18534151632926,0.5658437507688749
2020-02-17,44.69163454258826,-122.21067400734142,0.8703885753043499
2020-02-17,44.71858400111184,-122.1864194946702,0.8654873693958705
2020-02-17,44.72666883866892,-122.14976823107811,0.8653088184637429
2020-02-17,44.704570282679576,-122.23331155250123,0.7930718963592328
2020-02-17,44.7175060227709,-122.15569711195332,0.9332883082427261
2020-02-17,44.72397389281656,-122.17833465711313,0.8771229974499265
2020-02-17,44.71804501194137,-122.12766967508878,0.752196209412745
2020-02-17,44.72936378452128,-122.17186678706749,1.1451323043030026
2020-02-17,44.71804501194137,-122.16054801448756,1.318240897874875
2020-02-17,44.69163454258826,-122.2187588448985,5.810392209714459
2020-02-17,44.68947858590637,-122.20366714812528,0.9168592905931572
2020-02-17,44.70510927185005,-122.23654548752408,0.7325844678210918
2020-02-17,44.725051871157504,-122.16647689536276,0.8984718159119118
2020-02-17,44.7175060227709,-122.24463032508116,0.8138134474304135
2020-02-17,44.696485445122505,-122.2300776174784,0.6405848504690899
2020-02-17,44.69540746678156,-122.21983682323943,0.8417630912523587
2020-02-17,44.70025836931581,-122.23492852001266,0.7155797048868618
2020-02-17,44.714811076918544,-122.18156859213596,0.8261918630648095
2020-02-17,44.716428044429954,-122.17995162462454,0.744264618507065
2020-02-17,44.72343490364609,-122.17833465711313,0.9313453791802527
2020-02-17,44.7385266004193,-122.15839205780568,0.8502696307763611
2020-02-17,44.71912299028232,-122.15623610112378,0.7731549225872256
2020-02-17,44.716428044429954,-122.18426353798831,0.8589394354026894
2020-02-17,44.73583165456694,-122.1600090253171,0.7909449238360718
2020-02-17,44.716967033600426,-122.1653989170218,1.6314168191528755
2020-02-17,44.70025836931581,-122.23061660664888,0.7871293389207508
2020-02-17,44.72073995779373,-122.15300216610096,0.8071762412620449
2020-02-17,44.716428044429954,-122.25055920595634,1.0409526970499163
2020-02-17,44.70079735848628,-122.24301335756974,0.6897342079637053
2020-02-17,44.716428044429954,-122.1864194946702,0.876055419682256
2020-02-17,44.72397389281656,-122.17348375457888,0.7236986534771117
2020-02-17,44.716967033600426,-122.17779566794266,0.8629865781723819
2020-02-17,44.69594645595203,-122.2074400723186,0.5317962480802955
2020-02-17,44.69594645595203,-122.20797906148908,0.5756862579680315
2020-02-17,44.72343490364609,-122.15569711195332,0.7646607908439154
2020-02-17,44.69594645595203,-122.22522671494416,0.8399103183940876
2020-02-17,44.70780421770241,-122.17402274374936,1.1422649188258465
2020-02-17,44.696485445122505,-122.21552490987568,0.6259805370161047
2020-02-17,44.71912299028232,-122.1616259928285,1.0224509277025458
2020-02-17,44.69325151009967,-122.21390794236426,0.8109302162163288
2020-02-17,44.70403129350911,-122.23331155250123,0.792575815096514
2020-02-17,44.69756342346345,-122.20205018061388,0.3132589142414306
2020-02-17,44.69001757507685,-122.2133689531938,1.445134861142824
2020-02-17,44.71804501194137,-122.12874765342973,0.8329091229351039
2020-02-17,44.704570282679576,-122.23492852001266,0.7883835078477122
2020-02-17,44.69971938014533,-122.22684368245558,0.9074121916739672
2020-02-17,44.72936378452128,-122.15839205780568,1.1419090944214338
2020-02-17,44.716967033600426,-122.15893104697616,0.9682504708048661
2020-02-17,44.70079735848628,-122.23331155250123,0.733894405929917
2020-02-17,44.712655120236654,-122.19180938637491,0.9110229409392963
2020-02-17,44.7099601743843,-122.23924043337642,0.7846049855067098
2020-02-17,44.71319410940713,-122.171327797897,1.0372433422918175
2020-02-17,44.69594645595203,-122.23061660664888,1.6108355367007383
2020-02-17,44.72181793613468,-122.17833465711313,0.802730393902556
2020-02-17,44.70726522853194,-122.23331155250123,0.9726058783867365
2020-02-17,44.69325151009967,-122.20851805065952,0.6350564743788423
2020-02-17,44.71588905525949,-122.1675548737037,1.7227665977411035
2020-02-17,44.715350066089016,-122.2419353792288,1.0405841835137415
2020-02-17,44.69702443429298,-122.2166028882166,0.835493103701029
2020-02-17,44.71211613106618,-122.17563971126076,1.0986122886681098
2020-02-17,44.72990277369175,-122.15947003614662,0.9532057027100803
2020-02-17,44.722895914475615,-122.171327797897,1.5626457509273415
2020-02-17,44.70025836931581,-122.20097220227294,0.5208471822270097
2020-02-17,44.696485445122505,-122.19881624559105,0.29039577832337715
2020-02-17,44.715350066089016,-122.1600090253171,0.8945321421440543
2020-02-17,44.72451288198703,-122.17078880872651,0.7354765828602794
2020-02-17,44.710499163554765,-122.237623465865,0.7945199350288462
2020-02-17,44.71427208774807,-122.24624729259256,0.9483724468328505
2020-02-17,44.69918039097486,-122.20258916978436,0.3962907318321231
2020-02-17,44.67600385664458,-122.19666028890916,1.0398759173483472
2020-02-17,44.692173531758726,-122.20690108314813,0.8271577528380853
2020-02-17,44.725051871157504,-122.1389884476687,0.8483607479983399
2020-02-17,44.72666883866892,-122.16432093868086,0.8591701459549993
2020-02-17,44.716428044429954,-122.16270397116944,1.0986122886681098
2020-02-17,44.69325151009967,-122.22522671494416,1.9116688080457478
2020-02-17,44.716428044429954,-122.2494812276154,1.1597667118214403
2020-02-17,44.71804501194137,-122.18318555964736,0.8460864732009066
2020-02-17,44.72612984949845,-122.15354115527144,0.7534217236050821
2020-02-17,44.714811076918544,-122.171327797897,0.7308957563736129
2020-02-17,44.722895914475615,-122.15515812278284,0.7470688242052449
2020-02-17,44.71103815272524,-122.18318555964736,0.7855264932901005
2020-02-17,44.69918039097486,-122.21175198568235,1.2792403649557313
2020-02-17,44.71858400111184,-122.24840324927445,0.913800956446066
2020-02-17,44.70187533682722,-122.19827725642058,0.4173598957603135
2020-02-17,44.69055656424732,-122.21175198568235,0.8631003190774139
2020-02-17,44.69379049927014,-122.25217617346776,0.8803587226480919
2020-02-17,44.69971938014533,-122.24570830342208,0.8460941286739956
2020-02-17,44.725590860327976,-122.18480252715878,1.11178056570473
2020-02-17,44.69971938014533,-122.20205018061388,0.4054651081081644
2020-02-17,44.715350066089016,-122.18534151632926,0.8395877219612363
2020-02-17,44.70349230433864,-122.19504332139776,0.31567098235401364
2020-02-17,44.72073995779373,-122.18049061379502,0.7819426793430766
2020-02-17,44.677620824156,-122.1885754513521,0.9600933545325481
2020-02-17,44.72343490364609,-122.13575451264586,0.8749411720554595
2020-02-17,44.72235692530514,-122.18102960296548,0.8519573179057985
2020-02-17,44.7137330985776,-122.18911444052256,0.8708942361201595
2020-02-17,44.70133634765675,-122.19504332139776,0.29602041736893475
2020-02-17,44.71427208774807,-122.1653989170218,0.9551473073793832
2020-02-17,44.704570282679576,-122.19719927807964,0.487547938896645
2020-02-17,44.72612984949845,-122.14761227439624,0.8560506514967984
2020-02-17,44.71588905525949,-122.15731407946473,0.8198988861990891
2020-02-17,44.73313670871458,-122.16216498199896,0.7282497251645391
2020-02-17,44.702414325997694,-122.18588050549972,0.9781661355922425
2020-02-17,44.70349230433864,-122.19881624559105,1.1942541984472796
2020-02-17,44.70133634765675,-122.1864194946702,0.9354606479818752
2020-02-17,44.725590860327976,-122.1503072202486,0.8850661039421961
2020-02-17,44.69810241263392,-122.19180938637491,0.6931471805599453
2020-02-17,44.71427208774807,-122.24301335756974,0.8306446861894116
2020-02-17,44.710499163554765,-122.17240577623794,1.4596256342054403
2020-02-17,44.71319410940713,-122.18588050549972,0.7916527373983934
2020-02-17,44.72181793613468,-122.15084620941909,0.8034869365969514
2020-02-17,44.71427208774807,-122.18695848384068,0.8380312102817692
2020-02-17,44.716967033600426,-122.12982563177069,0.9913342268810116
2020-02-17,44.716967033600426,-122.16485992785134,1.5151272329628591
2020-02-17,44.7137330985776,-122.1600090253171,0.9133253704883656
2020-02-17,44.677620824156,-122.19666028890916,1.2302305374146718
2020-02-17,44.702953315168166,-122.1939653430568,0.30489420133290224
2020-02-17,44.714811076918544,-122.16593790619228,1.1986957472250923
2020-02-17,44.72666883866892,-122.1540801444419,0.8717639125416099
2020-02-17,44.73044176286222,-122.16647689536276,0.8029282907231682
2020-02-17,44.721278946964205,-122.13252057762304,0.9749526445227413
2020-02-17,44.731519741203165,-122.16432093868086,0.795212800320919
2020-02-17,44.71427208774807,-122.1885754513521,0.8714189776969795
2020-02-17,44.70564826102052,-122.18695848384068,0.23252350544402509
2020-02-17,44.69810241263392,-122.1939653430568,0.2807134031356875
2020-02-17,44.68732262922448,-122.20205018061388,0.8616893225569884
2020-02-17,44.70025836931581,-122.1901924188635,0.2110709700799404
2020-02-17,44.70349230433864,-122.1864194946702,0.25751119481841755
2020-02-17,44.704570282679576,-122.23870144420596,0.9135999749172327
2020-02-17,44.70133634765675,-122.20420613729576,1.6471004984867983
2020-02-17,44.71157714189571,-122.17995162462454,0.7846463071911766
2020-02-17,44.69379049927014,-122.21821985572804,0.5853052740507336
2020-02-17,44.72828580618033,-122.17024981955603,0.7695375832239465
2020-02-17,44.70079735848628,-122.24085740088783,0.8340526336371828
2020-02-17,44.71157714189571,-122.1788736462836,0.7717624817921003
2020-02-17,44.71804501194137,-122.18911444052256,0.8791912241631573
2020-02-17,44.71103815272524,-122.1826465704769,0.7693163135160326
2020-02-17,44.72020096862326,-122.15677509029426,0.7910391173921248
2020-02-17,44.70780421770241,-122.24031841171735,0.8261090790696679
2020-02-17,44.704570282679576,-122.18210758130644,3.481240089335692
2020-02-17,44.696485445122505,-122.22522671494416,0.8765813497233049
2020-02-17,44.696485445122505,-122.23492852001266,4.732683506287051
2020-02-17,44.72666883866892,-122.1691718412151,0.7380387613463427
2020-02-17,44.67923779166741,-122.19342635388634,1.0312143138509742
2020-02-17,44.727746817009866,-122.17186678706749,0.8620457170217594
2020-02-17,44.72666883866892,-122.14168339352103,0.841200280519085
2020-02-17,44.71319410940713,-122.16863285204464,1.2396908869280152
2020-02-17,44.731519741203165,-122.16108700365804,0.8406403069151472
2020-02-17,44.71103815272524,-122.237623465865,0.8271444189358388
2020-02-17,44.70780421770241,-122.18210758130644,0.7984039563971486
2020-02-17,44.69864140180439,-122.24678628176304,0.8903873409253072
2020-02-17,44.716428044429954,-122.12766967508878,0.9168100775103413
2020-02-17,44.72343490364609,-122.13737148015728,1.9530276168241774
2020-02-17,44.72343490364609,-122.18049061379502,0.9218448991440508
2020-02-17,44.71858400111184,-122.17725667877218,2.162227735299123
2020-02-17,44.72666883866892,-122.17186678706749,0.8346199873387335
2020-02-17,44.706726239361466,-122.23385054167171,0.8021539025171209
2020-02-17,44.72720782783939,-122.17348375457888,0.8691470670109758
2020-02-17,44.70133634765675,-122.1923483755454,0.23052365861183235
2020-02-17,44.69702443429298,-122.21229097485283,0.6750354306168993
2020-02-17,44.71804501194137,-122.18372454881784,0.8500752892651906
2020-02-17,44.68301071586071,-122.19719927807964,1.0111346025070551
2020-02-17,44.71427208774807,-122.19180938637491,0.9249007003525014
2020-02-17,44.70510927185005,-122.18102960296548,4.639571612705423
2020-02-17,44.73475367622599,-122.15947003614662,0.8764017710532093
2020-02-17,44.71211613106618,-122.1901924188635,0.8281368491575757
2020-02-17,44.702414325997694,-122.2397794225469,0.8344192585534524
2020-02-17,44.696485445122505,-122.20474512646624,0.4961194763762953
2020-02-17,44.696485445122505,-122.19612129973868,0.31563814971837095
2020-02-17,44.71211613106618,-122.24139639005833,0.8477007612790358
2020-02-17,44.70618725019099,-122.24031841171735,0.7323678937132266
2020-02-17,44.72235692530514,-122.15731407946473,0.8586116202874771
2020-02-17,44.71211613106618,-122.16809386287416,2.8526314299133175
2020-02-17,44.69918039097486,-122.22576570411464,0.9493002449347957
2020-02-17,44.712655120236654,-122.1653989170218,1.32687094064909
2020-02-17,44.725051871157504,-122.16108700365804,0.9100466502322341
2020-02-17,44.7175060227709,-122.12874765342973,0.934614963631928
2020-02-17,44.69810241263392,-122.20528411563672,0.4719857904497268
2020-02-17,44.69810241263392,-122.20636209397766,0.5596157879354227
2020-02-17,44.725590860327976,-122.16054801448756,0.9102726595485922
2020-02-17,44.71858400111184,-122.12874765342973,1.00295781552246
2020-02-17,44.71427208774807,-122.1675548737037,1.128465251817791
2020-02-17,44.70834320687288,-122.17833465711313,1.9095425048844386
2020-02-17,44.69864140180439,-122.24624729259256,0.8508045851964136
2020-02-17,44.702953315168166,-122.18965342969304,0.2280575661166389
2020-02-17,44.7137330985776,-122.18372454881784,0.8794239171968279
2020-02-17,44.70564826102052,-122.2360064983536,0.7637949965702509
2020-02-17,44.70942118521383,-122.17402274374936,1.349926716949016
2020-02-17,44.69594645595203,-122.19558231056824,1.0986122886681098
2020-02-17,44.67815981332647,-122.1885754513521,1.4969381517668034
2020-02-17,44.722895914475615,-122.24894223844493,0.9516988042434138
2020-02-17,44.72612984949845,-122.15947003614662,0.9089723510664751
2020-02-17,44.710499163554765,-122.17995162462454,0.8009918721058233
2020-02-17,44.702953315168166,-122.19827725642058,0.5282173664778599
2020-02-17,44.696485445122505,-122.23385054167171,1.0698333241180664
2020-02-17,44.69702443429298,-122.199894223932,0.27731928541623435
2020-02-17,44.69756342346345,-122.20043321310249,0.2902693960167318
2020-02-17,44.677620824156,-122.18965342969304,0.9137650224311805
2020-02-17,44.733675697885054,-122.16108700365804,0.7463116267168997
2020-02-17,44.70726522853194,-122.18426353798831,0.3412031738897952
2020-02-17,44.712655120236654,-122.1923483755454,0.8284036038002649
2020-02-17,44.72073995779373,-122.15623610112378,0.7906738370751619
2020-02-17,44.70942118521383,-122.18156859213596,0.7931764789381861
2020-02-17,44.72020096862326,-122.13036462094114,0.8617547422840331
2020-02-17,44.6889395967359,-122.20043321310249,0.8530726598810876
2020-02-17,44.69163454258826,-122.20474512646624,0.6467471049551813
2020-02-17,44.69918039097486,-122.19450433222728,0.25761366170889316
2020-02-17,44.73044176286222,-122.1675548737037,0.8422070637147959
2020-02-17,44.710499163554765,-122.2419353792288,0.8386136449647457
2020-02-17,44.72397389281656,-122.17725667877218,0.8562132240451561
2020-02-17,44.727746817009866,-122.14599530688484,0.8178267952753889
2020-02-17,44.696485445122505,-122.20151119144342,0.34937564145712086
2020-02-17,44.712655120236654,-122.18695848384068,0.7764167384035798
2020-02-17,44.725590860327976,-122.17402274374936,0.841940452958889
2020-02-17,44.69540746678156,-122.22360974743276,0.5154660033224928
2020-02-17,44.69864140180439,-122.22630469328512,0.8849628687323025
2020-02-17,44.70618725019099,-122.18372454881784,0.532804530484766
2020-02-17,44.71103815272524,-122.23708447669456,1.1510676982358377
2020-02-17,44.68840060756543,-122.20366714812528,0.8172323046703752
2020-02-17,44.68570566171307,-122.19719927807964,1.109530511271983
2020-02-17,44.70079735848628,-122.20582310480718,1.6480085265721394
2020-02-17,44.70079735848628,-122.23277256333076,0.7233870657496635
2020-02-17,44.72451288198703,-122.17779566794266,0.8865662126267762
2020-02-17,44.69594645595203,-122.2494812276154,1.0970678868167356
2020-02-17,44.72397389281656,-122.18480252715878,1.0626894348970954
2020-02-17,44.70780421770241,-122.17995162462454,1.9459101490553132
2020-02-17,44.72666883866892,-122.14707328522576,0.7965602759333761
2020-02-17,44.72612984949845,-122.16054801448756,0.9233837715653854
2020-02-17,44.735292665396464,-122.16270397116944,2.38388804027987
2020-02-17,44.70780421770241,-122.18911444052256,0.24921579162398483
2020-02-17,44.71912299028232,-122.18049061379502,0.7615018899320675
2020-02-17,44.69810241263392,-122.23438953084218,0.6842919677302128
2020-02-17,44.733675697885054,-122.15893104697616,0.8693388769783631
2020-02-17,44.722895914475615,-122.15300216610096,0.7775754581586858
2020-02-17,44.6889395967359,-122.20258916978436,0.8885789032781077
2020-02-17,44.69594645595203,-122.1939653430568,6.073044534100405
2020-02-17,44.702414325997694,-122.1885754513521,0.26826398659467937
2020-02-17,44.70079735848628,-122.23115559581936,0.7555745791400967
2020-02-17,44.69756342346345,-122.2133689531938,0.9394615984241456
2020-02-17,44.72020096862326,-122.24678628176304,0.6588350355711665
2020-02-17,44.70888219604336,-122.19288736471586,0.8225972220824432
2020-02-17,44.69971938014533,-122.19504332139776,0.2981900500501961
2020-02-17,44.69001757507685,-122.21229097485283,1.4663370687934272
2020-02-17,44.72720782783939,-122.17024981955603,0.7589044056029005
2020-02-17,44.70564826102052,-122.23708447669456,0.7163842703047597
2020-02-17,44.71427208774807,-122.18911444052256,0.8501599546810963
2020-02-17,44.70025836931581,-122.24624729259256,2.1221993775125996
2020-02-17,44.72235692530514,-122.171327797897,1.770019482591649
2020-02-17,44.69864140180439,-122.24570830342208,0.6637949685474178
2020-02-17,44.721278946964205,-122.18426353798831,0.8622450018837934
2020-02-17,44.71804501194137,-122.13036462094114,0.8536345830808585
2020-02-17,44.71858400111184,-122.16108700365804,1.5163474893680884
2020-02-17,44.715350066089016,-122.15839205780568,0.758529939822797
2020-02-17,44.70942118521383,-122.19180938637491,0.7990030003636872
2020-02-17,44.70349230433864,-122.2360064983536,0.7136917097915775
2020-02-17,44.72235692530514,-122.1503072202486,0.8065328992496398
2020-02-17,44.73690963290788,-122.1600090253171,0.8346383659053805
2020-02-17,44.7099601743843,-122.18049061379502,0.7825182010762913
2020-02-17,44.72720782783939,-122.1600090253171,0.8782533594809848
2020-02-17,44.71966197945279,-122.2473252709335,0.8781533027245688
2020-02-17,44.716967033600426,-122.13036462094114,0.9431379819103431
2020-02-17,44.69379049927014,-122.21175198568235,0.8120818162448895
2020-02-17,44.69325151009967,-122.21714187738708,0.8159800608346561
2020-02-17,44.67815981332647,-122.1923483755454,1.9135029061005353
2020-02-17,44.71588905525949,-122.24247436839926,0.8286926725561691
2020-02-17,44.69379049927014,-122.25271516263822,0.9043502915022372
2020-02-17,44.69702443429298,-122.23169458498982,0.7040297104815663
2020-02-17,44.72343490364609,-122.18480252715878,0.9368289237492886
2020-02-17,44.710499163554765,-122.2360064983536,0.8378316366998425
2020-02-17,44.70780421770241,-122.1864194946702,0.2627253404779133
2020-02-17,44.70349230433864,-122.18534151632926,0.3434734320801965
2020-02-17,44.712655120236654,-122.24301335756974,0.8623623898485994
2020-02-17,44.731519741203165,-122.16593790619228,0.8695550595638523
2020-02-17,44.70726522853194,-122.18102960296548,0.6931471805599453
2020-02-17,44.69864140180439,-122.22684368245558,0.847119384570203
2020-02-17,44.692173531758726,-122.20905703983,0.8485107168124129
2020-02-17,44.70942118521383,-122.1729447654084,0.9096017437233584
2020-02-17,44.72451288198703,-122.18156859213596,0.9944599669075966
2020-02-17,44.715350066089016,-122.15623610112378,1.0880301793375726
2020-02-17,44.696485445122505,-122.20420613729576,0.46905621088969573
2020-02-17,44.702414325997694,-122.23277256333076,0.8125536945622946
2020-02-17,44.70133634765675,-122.23708447669456,0.8320540801998316
2020-02-17,44.72612984949845,-122.1675548737037,0.7323847147125626
2020-02-17,44.69486847761109,-122.2494812276154,2.285469760774778
2020-02-17,44.6927125209292,-122.20851805065952,0.6594310028768238
2020-02-17,44.69540746678156,-122.25163718429728,0.8300931349375728
2020-02-17,44.69864140180439,-122.24247436839926,1.1167123303117277
2020-02-17,44.696485445122505,-122.24840324927445,1.0324806494621903
2020-02-17,44.73098075203269,-122.1616259928285,0.8400676158292161
2020-02-17,44.70187533682722,-122.19288736471586,0.2565418317160578
2020-02-17,44.69540746678156,-122.21067400734142,0.6123858239154869
2020-02-17,44.72720782783939,-122.16809386287416,0.7253749409950486
2020-02-17,44.725590860327976,-122.142761371862,0.9444616088408513
2020-02-17,44.7385266004193,-122.15947003614662,0.8730825081663929
2020-02-17,44.71319410940713,-122.18695848384068,0.7767553801328868
2020-02-17,44.72073995779373,-122.18480252715878,0.8737397014779181
2020-02-17,44.715350066089016,-122.18695848384068,0.910816719698127
2020-02-17,44.70780421770241,-122.24139639005833,0.7674328199434142
2020-02-17,44.69540746678156,-122.24085740088783,1.3822210357322549
2020-02-17,44.722895914475615,-122.17078880872651,1.3862943611198906
2020-02-17,44.69379049927014,-122.20043321310249,1.20019208148603
2020-02-17,44.731519741203165,-122.1637819495104,0.7868070173642131
2020-02-17,44.71427208774807,-122.171327797897,0.7100413384672668
2020-02-17,44.70349230433864,-122.1880364621816,0.23511974236092542
2020-02-17,44.72397389281656,-122.17779566794266,0.8671797615349449
2020-02-17,44.70079735848628,-122.20043321310249,0.504700030339308
2020-02-17,44.72235692530514,-122.18426353798831,0.8833267916085096
2020-02-17,44.71858400111184,-122.25002021678588,1.0245043165143877
2020-02-17,44.712655120236654,-122.1691718412151,1.413693335308005
2020-02-17,44.69702443429298,-122.2149859207052,0.7991533069369464
2020-02-17,44.70564826102052,-122.19073140803395,0.2724146003209925
2020-02-17,44.725051871157504,-122.1616259928285,0.8995075189878934
2020-02-17,44.7175060227709,-122.24840324927445,0.9499556515184991
2020-02-17,44.72936378452128,-122.16809386287416,0.7139129271082697
2020-02-17,44.715350066089016,-122.16216498199896,0.8472978603872034
2020-02-17,44.702414325997694,-122.1901924188635,0.2418725364204867
2020-02-17,44.69810241263392,-122.2473252709335,1.0029052047109261
2020-02-17,44.692173531758726,-122.21929783406898,3.008880746397497
2020-02-17,44.67869880249694,-122.19504332139776,1.1674712823852649
2020-02-17,44.71588905525949,-122.18156859213596,0.7605482194569491
2020-02-17,44.71858400111184,-122.12713068591832,0.8776884940922127
2020-02-17,44.71966197945279,-122.13198158845256,0.8639917161763707
2020-02-17,44.73960457876024,-122.1578530686352,0.8784551975314512
2020-02-17,44.69540746678156,-122.20097220227294,0.3122469792760636
2020-02-17,44.733675697885054,-122.1637819495104,0.8674251642964533
2020-02-17,44.70133634765675,-122.237623465865,0.848336572477718
2020-02-17,44.69540746678156,-122.19666028890916,1.4384801142904609
2020-02-17,44.737987611248826,-122.1600090253171,0.867218837881758
2020-02-17,44.69756342346345,-122.228460649967,0.6630445731520338
2020-02-17,44.694329488440616,-122.22199277992134,0.7844653390947326
2020-02-17,44.70187533682722,-122.20258916978436,0.9013537067107994
2020-02-17,44.69918039097486,-122.21067400734142,0.9655950084398782
2020-02-17,44.70888219604336,-122.18102960296548,0.7825893487532372
2020-02-17,44.67492587830363,-122.19558231056824,1.0337020140326192
2020-02-17,44.71966197945279,-122.12982563177069,0.8784219228581439
2020-02-17,44.69540746678156,-122.21444693153472,1.052833151007465
2020-02-17,44.737448622078354,-122.15839205780568,0.7868100179148143
2020-02-17,44.73475367622599,-122.16270397116944,0.9188744558594341
2020-02-17,44.72397389281656,-122.1675548737037,0.9840528339749739
2020-02-17,44.712655120236654,-122.23870144420596,1.7089431691825487
2020-02-17,44.70888219604336,-122.19073140803395,0.3241703657149176
2020-02-17,44.70888219604336,-122.17671768960172,1.0531499145913523
2020-02-17,44.71211613106618,-122.24409133591068,0.9308188324370649
2020-02-17,44.7137330985776,-122.24031841171735,0.8663460553578981
2020-02-17,44.69702443429298,-122.22630469328512,0.8527488154104053
2020-02-17,44.712655120236654,-122.1826465704769,0.8793563549026198
2020-02-17,44.70079735848628,-122.237623465865,0.8243159445572592
2020-02-17,44.72181793613468,-122.15569711195332,0.8048198900817631
2020-02-17,44.69163454258826,-122.20690108314813,0.83658509338726
2020-02-17,44.70349230433864,-122.18426353798831,3.3843902633457743
2020-02-17,44.721278946964205,-122.18318555964736,0.8660425516733545
2020-02-17,44.69971938014533,-122.20043321310249,0.38703140641932626
2020-02-17,44.69810241263392,-122.19827725642058,0.28517894223366247
2020-02-17,44.69971938014533,-122.22738267162605,0.8869201943333352
2020-02-17,44.692173531758726,-122.20851805065952,0.8422016363709608
2020-02-17,44.696485445122505,-122.2435523467402,1.074121268659814
2020-02-17,44.6927125209292,-122.21067400734142,0.8798895694609739
2020-02-17,44.70780421770241,-122.18965342969304,0.25394393281993083
2020-02-17,44.69702443429298,-122.20258916978436,0.4343764516025845
2020-02-17,44.69163454258826,-122.20959602900048,0.8263816169833251
2020-02-17,44.72397389281656,-122.1540801444419,0.7503110144394061
2020-02-17,44.70618725019099,-122.1939653430568,0.3241703657149176
2020-02-17,44.712655120236654,-122.1788736462836,0.7593865889985961
2020-02-17,44.696485445122505,-122.2074400723186,0.5249193868418502
2020-02-17,44.70942118521383,-122.18534151632926,0.32495346724901253
2020-02-17,44.725590860327976,-122.13737148015728,0.8753938618344159
2020-02-17,44.72666883866892,-122.171327797897,0.7482559819750663
2020-02-17,44.70510927185005,-122.23870144420596,0.902492265695667
2020-02-17,44.716428044429954,-122.25002021678588,1.07109114208617
2020-02-17,44.72828580618033,-122.1616259928285,0.9022516244005602
2020-02-17,44.696485445122505,-122.20205018061388,0.3894647667617233
2020-02-17,44.69379049927014,-122.21229097485283,0.8668938262973277
2020-02-17,44.69810241263392,-122.19719927807964,0.28051358297316836
2020-02-17,44.70780421770241,-122.23924043337642,0.7020758113042467
2020-02-17,44.71319410940713,-122.17671768960172,0.8523869298946749
2020-02-17,44.722895914475615,-122.2473252709335,1.2300137550348074
2020-02-17,44.70079735848628,-122.20258916978436,0.5702490442367915
2020-02-17,44.7137330985776,-122.18749747301116,0.8312928385213184
2020-02-17,44.72181793613468,-122.15893104697616,0.8786718939672369
2020-02-17,44.702414325997694,-122.19827725642058,0.49280711826331236
2020-02-17,44.70403129350911,-122.19827725642058,0.7935263658675675
2020-02-17,44.69325151009967,-122.22468772577368,2.17742195004004
2020-02-17,44.70025836931581,-122.20797906148908,1.1820583596712584
2020-02-17,44.7099601743843,-122.18102960296548,0.7799747340196458
2020-02-17,44.71588905525949,-122.18749747301116,0.8870227097595996
2020-02-17,44.72397389281656,-122.13791046932776,1.0031302727949714
2020-02-17,44.7175060227709,-122.15893104697616,0.9162907318741551
2020-02-17,44.69864140180439,-122.2133689531938,2.5131498621013955
2020-02-17,44.69918039097486,-122.19666028890916,0.2685427322410835
2020-02-17,44.72020096862326,-122.1788736462836,0.7366591081592647
2020-02-17,44.7099601743843,-122.18911444052256,0.31805317032807967
2020-02-17,44.70025836931581,-122.20043321310249,0.4760826753221178
2020-02-17,44.722895914475615,-122.17725667877218,0.8439108969461878
2020-02-17,44.72666883866892,-122.17725667877218,0.9228958875674673
2020-02-17,44.69971938014533,-122.20690108314813,0.5511769192895581
2020-02-17,44.67923779166741,-122.19127039720443,1.0160973918491842
2020-02-17,44.714811076918544,-122.1788736462836,0.7462100255351568
2020-02-17,44.702953315168166,-122.1977382672501,0.47066830191892645
2020-02-17,44.696485445122505,-122.22953862830794,0.608221310061337
2020-02-17,44.70133634765675,-122.18749747301116,1.9459101490553132
2020-02-17,44.72666883866892,-122.1389884476687,1.339351601872699
2020-02-17,44.69971938014533,-122.18965342969304,0.23612426278693086
2020-02-17,44.68624465088354,-122.20151119144342,1.1404593986036102
2020-02-17,44.722895914475615,-122.18372454881784,0.8810335819873074
2020-02-17,44.694329488440616,-122.20959602900048,0.5895122908695888
2020-02-17,44.70780421770241,-122.1885754513521,0.23638877806423034
2020-02-17,44.6927125209292,-122.25217617346776,2.7999876964278956
2020-02-17,44.72612984949845,-122.17186678706749,0.7229543120949707
2020-02-17,44.702953315168166,-122.23438953084218,0.7180338611394111
2020-02-17,44.72235692530514,-122.1330595667935,0.9097160862320697
2020-02-17,44.69540746678156,-122.25217617346776,1.1358605425487285
2020-02-17,44.72451288198703,-122.1653989170218,0.9109981585083863
2020-02-17,44.68031577000835,-122.19504332139776,1.1852228238846603
2020-02-17,44.69594645595203,-122.24894223844493,1.0849535397370698
2020-02-17,44.69702443429298,-122.2473252709335,0.9498457074917589
2020-02-17,44.70349230433864,-122.24139639005833,1.1372814298272638
2020-02-17,44.72451288198703,-122.13737148015728,0.8488494510786224
2020-02-17,44.69864140180439,-122.2360064983536,0.6350951686519809
2020-02-17,44.7175060227709,-122.18480252715878,0.8685210678383092
2020-02-17,44.714811076918544,-122.16216498199896,0.8033371653087316
2020-02-17,44.73205873037364,-122.15947003614662,0.848165388853168
2020-02-17,44.69486847761109,-122.21768086655756,0.4740936144972607
2020-02-17,44.70834320687288,-122.23870144420596,0.7710815595573273
2020-02-17,44.71103815272524,-122.17833465711313,0.8065666698292684
2020-02-17,44.677620824156,-122.19612129973868,0.9936567132871268
2020-02-17,44.71912299028232,-122.1826465704769,0.8481632866636325
2020-02-17,44.69325151009967,-122.20528411563672,0.5967460632204764
2020-02-17,44.71427208774807,-122.1788736462836,0.8237195573633175
2020-02-17,44.71804501194137,-122.18588050549972,0.8916060873795282
2020-02-17,44.69540746678156,-122.22792166079653,0.8622235106038793
2020-02-17,44.68462768337213,-122.199894223932,2.514330599355886
2020-02-17,44.716428044429954,-122.12820866425926,0.9105764306107164
2020-02-17,44.71588905525949,-122.16108700365804,0.8150861527108718
2020-02-17,44.71858400111184,-122.13036462094114,0.9068583892423969
2020-02-17,44.69918039097486,-122.19288736471586,0.24733827990126658
2020-02-17,44.69325151009967,-122.2074400723186,0.6570258721459511
2020-02-17,44.70726522853194,-122.24139639005833,0.8466819071801716
2020-02-17,44.702414325997694,-122.18695848384068,0.24279648921560357
2020-02-17,44.7137330985776,-122.24570830342208,0.997232443606442
2020-02-17,44.715350066089016,-122.17024981955603,0.7415344708905837
2020-02-17,44.68947858590637,-122.20097220227294,0.9191140320985207
2020-02-17,44.70025836931581,-122.22738267162605,0.9224069588915911
2020-02-17,44.70187533682722,-122.20097220227294,0.8246029608751729
2020-02-17,44.70834320687288,-122.1788736462836,1.749199854809259
2020-02-17,44.69379049927014,-122.22414873660324,1.3239040685206092
2020-02-17,44.70025836931581,-122.24031841171735,1.4520656746880944
2020-02-17,44.716967033600426,-122.16593790619228,1.2452157628599851
2020-02-17,44.70187533682722,-122.23061660664888,0.8834867546693213
2020-02-17,44.712655120236654,-122.2435523467402,0.8968482881512886
2020-02-17,44.72235692530514,-122.15839205780568,0.830998668314475
2020-02-17,44.727746817009866,-122.1637819495104,0.880523508015524
2020-02-17,44.71427208774807,-122.24085740088783,1.527504529671414
2020-02-17,44.72720782783939,-122.142761371862,0.827958709907185
2020-02-17,44.72451288198703,-122.15354115527144,0.7725669680290859
2020-02-17,44.70025836931581,-122.20151119144342,0.4382549309311553
2020-02-17,44.71157714189571,-122.17617870043124,1.0691984034618165
2020-02-17,44.69810241263392,-122.22953862830794,0.6797902157238818
2020-02-17,44.69756342346345,-122.22953862830794,0.6795044041561589
2020-02-17,44.68624465088354,-122.19827725642058,0.9532793012434956
2020-02-17,44.71103815272524,-122.17671768960172,1.1786549963416462
2020-02-17,44.72666883866892,-122.15192418776002,0.8162718498565382
2020-02-17,44.69109555341779,-122.21175198568235,0.8681863483345591
2020-02-17,44.70618725019099,-122.17995162462454,2.6390573296152584
2020-02-17,44.71804501194137,-122.1292866426002,0.8160008536652887
2020-02-17,44.70564826102052,-122.18210758130644,0.7550637922201826
2020-02-17,44.73044176286222,-122.1637819495104,0.7594347671379268
2020-02-17,44.70133634765675,-122.19666028890916,0.29590290559663807
2020-02-17,44.702953315168166,-122.18911444052256,0.2639118531178691
2020-02-17,44.725051871157504,-122.17995162462454,0.886505428704105
2020-02-17,44.71966197945279,-122.18102960296548,0.838564180418449
2020-02-17,44.72612984949845,-122.16647689536276,0.7273096040707744
2020-02-17,44.7137330985776,-122.17510072209028,0.7995181519507376
2020-02-17,44.721278946964205,-122.2494812276154,0.8103294351829385
2020-02-17,44.714811076918544,-122.17240577623794,0.7260578505215238
2020-02-17,44.71966197945279,-122.15246317693048,0.7978445315017516
2020-02-17,44.725051871157504,-122.17563971126076,0.8675209965052467
2020-02-17,44.70079735848628,-122.19288736471586,0.25077751551632993
2020-02-17,44.68624465088354,-122.20258916978436,2.5985659682605218
2020-02-17,44.712655120236654,-122.17617870043124,0.9026891029028351
2020-02-17,44.716428044429954,-122.18480252715878,0.8595532820480004
2020-02-17,44.70780421770241,-122.18156859213596,0.8191730504480406
2020-02-17,44.72720782783939,-122.14330036103246,0.8021679436027778
2020-02-17,44.710499163554765,-122.17510072209028,1.0833448165373212
2020-02-17,44.72343490364609,-122.17402274374936,0.7511344382102946
2020-02-17,44.7288247953508,-122.1675548737037,0.7157734966147424
2020-02-17,44.684088694201655,-122.19504332139776,1.1570311009607728
2020-02-17,44.71319410940713,-122.16647689536276,1.1314021114911006
2020-02-17,44.71858400111184,-122.1540801444419,0.9431981847940795
2020-02-17,44.71103815272524,-122.1864194946702,0.42168505197492795
2020-02-17,44.716428044429954,-122.24463032508116,0.8041203860335902
2020-02-17,44.67815981332647,-122.19180938637491,1.2474579162656747
2020-02-17,44.72397389281656,-122.18049061379502,1.0318368575993164
2020-02-17,44.714811076918544,-122.16108700365804,0.9082585601768908
2020-02-17,44.72451288198703,-122.15300216610096,0.7480819670529043
2020-02-17,44.72451288198703,-122.1368324909868,0.9230934791969077
2020-02-17,44.73421468705553,-122.15947003614662,0.8460966590415694
2020-02-17,44.712655120236654,-122.2397794225469,0.8472241819933592
2020-02-17,44.69055656424732,-122.21229097485283,1.0986122886681098
2020-02-17,44.69918039097486,-122.24624729259256,0.887819057792843
2020-02-17,44.73205873037364,-122.16485992785134,0.837958888604248
2020-02-17,44.702414325997694,-122.2419353792288,1.094243786282039
2020-02-17,44.70780421770241,-122.18588050549972,0.264479175372117
2020-02-17,44.73098075203269,-122.16270397116944,0.7310759477952462
2020-02-17,44.702414325997694,-122.18911444052256,0.2421400520048648
2020-02-17,44.72235692530514,-122.18534151632926,0.8661549194497995
2020-02-17,44.6927125209292,-122.2166028882166,0.8471156280404578
2020-02-17,44.69109555341779,-122.2133689531938,0.8586211667812886
2020-02-17,44.71319410940713,-122.16108700365804,0.9660656327061264
2020-02-17,44.69163454258826,-122.21013501817096,0.8596166298020707
2020-02-17,44.72720782783939,-122.1443783393734,0.8676155036280725
2020-02-17,44.71157714189571,-122.17024981955603,2.2192034840549946
2020-02-17,44.69756342346345,-122.18965342969304,4.276666119016055
2020-02-17,44.71157714189571,-122.23816245503548,0.8371078694814537
2020-02-17,44.72020096862326,-122.17671768960172,1.4013322384844311
2020-02-17,44.70025836931581,-122.2300776174784,0.8076064482372346
2020-02-17,44.71588905525949,-122.16324296033991,1.1451323043030026
2020-02-17,44.704570282679576,-122.18588050549972,0.25413053828054816
2020-02-17,44.71588905525949,-122.17348375457888,0.8611827801064236
2020-02-17,44.72181793613468,-122.2494812276154,0.8408485367072965
2020-02-17,44.694329488440616,-122.21768086655756,0.4571664824850547
2020-02-17,44.715350066089016,-122.17456173291984,0.7882811644339403
2020-02-17,44.733675697885054,-122.16216498199896,0.7478647660570991
2020-02-17,44.67815981332647,-122.19450433222728,1.2153938219874036
2020-02-17,44.69810241263392,-122.20312815895484,0.476660810274915
2020-02-17,44.721278946964205,-122.13198158845256,0.9510209104752884
2020-02-17,44.7288247953508,-122.1600090253171,0.899634357046479
2020-02-17,44.69918039097486,-122.2451693142516,0.7611687066572648
2020-02-17,44.71319410940713,-122.1788736462836,0.7770699604048726
2020-02-17,44.71588905525949,-122.16971083038558,0.7533157020263982
2020-02-17,44.704570282679576,-122.19288736471586,0.2955694372849469
2020-02-17,44.69810241263392,-122.19612129973868,0.2723786543118943
2020-02-17,44.7099601743843,-122.18695848384068,0.3305020696347091
2020-02-17,44.69756342346345,-122.22630469328512,0.8400461969918835
2020-02-17,44.70187533682722,-122.19558231056824,0.3016683144265208
2020-02-17,44.715350066089016,-122.1901924188635,0.8691728088970851
2020-02-17,44.72666883866892,-122.16108700365804,0.8666527507823836
2020-02-17,44.72235692530514,-122.15515812278284,0.7365039253517595
2020-02-17,44.72397389281656,-122.1729447654084,0.7257809397532482
2020-02-17,44.69486847761109,-122.21229097485283,0.7096310702816345
2020-02-17,44.71804501194137,-122.15354115527144,0.9758958438937704
2020-02-17,44.69918039097486,-122.2112129965119,1.0521169970513655
2020-02-17,44.69810241263392,-122.19450433222728,0.2401411276827808
2020-02-17,44.69756342346345,-122.20420613729576,0.43995128417933377
2020-02-17,44.71858400111184,-122.18102960296548,0.7637887575836221
2020-02-17,44.68247172669024,-122.19558231056824,0.899639098281713
2020-02-17,44.725590860327976,-122.16971083038558,0.7194414210926323
2020-02-17,44.71966197945279,-122.18695848384068,0.8868768466678616
2020-02-17,44.72666883866892,-122.15893104697616,0.904425748730729
2020-02-17,44.68354970503118,-122.19666028890916,1.0564747042197051
2020-02-17,44.725590860327976,-122.17617870043124,0.9170339500428887
2020-02-17,44.6927125209292,-122.22522671494416,4.06773091370401
2020-02-17,44.71157714189571,-122.2419353792288,0.8454745779746666
2020-02-17,44.70888219604336,-122.23870144420596,0.8147767509326401
2020-02-17,44.72235692530514,-122.18372454881784,0.8590961182839808
2020-02-17,44.7099601743843,-122.24247436839926,0.9158022120793883
2020-02-17,44.72666883866892,-122.14869025273718,0.8709501085737094
2020-02-17,44.69864140180439,-122.20636209397766,0.5371429320833642
2020-02-17,44.725590860327976,-122.17779566794266,0.9581239046731097
2020-02-17,44.72020096862326,-122.15300216610096,0.8325769521962916
2020-02-17,44.72181793613468,-122.1826465704769,0.8211377106431539
2020-02-17,44.716428044429954,-122.18695848384068,0.8675590455270257
2020-02-17,44.70133634765675,-122.19127039720443,0.23381808256112957
2020-02-17,44.70403129350911,-122.23492852001266,0.7773907727768489
2020-02-17,44.70025836931581,-122.2435523467402,0.7243802002498767
2020-02-17,44.70618725019099,-122.23438953084218,0.7994701601996722
2020-02-17,44.71588905525949,-122.18588050549972,0.8696442859969798
2020-02-17,44.69540746678156,-122.21714187738708,0.5319744482589671
2020-02-17,44.69055656424732,-122.21552490987568,2.4336133554004498
2020-02-17,44.696485445122505,-122.21606389904616,0.5620341687997044
2020-02-17,44.72073995779373,-122.17779566794266,0.7740194195958573
2020-02-17,44.67923779166741,-122.1923483755454,0.9539820029755381
2020-02-17,44.70079735848628,-122.20366714812528,0.8292443218659016
2020-02-17,44.68947858590637,-122.20043321310249,0.9698796255934924
2020-02-17,44.69756342346345,-122.19827725642058,0.3064443489073039
2020-02-17,44.72612984949845,-122.142761371862,0.9143354029816348
2020-02-17,44.725051871157504,-122.1670158845332,0.8860624038374479
2020-02-17,44.68354970503118,-122.19450433222728,0.9631112282805395
2020-02-17,44.706726239361466,-122.18965342969304,0.23812510492982664
2020-02-17,44.716428044429954,-122.1600090253171,0.8472978603872034
2020-02-17,44.70834320687288,-122.1939653430568,0.819212118146262
2020-02-17,44.69864140180439,-122.1939653430568,0.2635232369750453
2020-02-17,44.704570282679576,-122.18911444052256,0.2163572916298507
2020-02-17,44.6927125209292,-122.20528411563672,0.6113171623123131
2020-02-17,44.70780421770241,-122.24247436839926,1.0915037494308149
2020-02-17,44.681932737519766,-122.1939653430568,0.9080846224553111
2020-02-17,44.70025836931581,-122.24301335756974,0.7819035411657363
2020-02-17,44.69864140180439,-122.19935523476153,0.28768207245178085
2020-02-17,44.70780421770241,-122.17617870043124,0.8821898380269775
2020-02-17,44.69055656424732,-122.2074400723186,0.8679345483993938
2020-02-17,44.70510927185005,-122.24085740088783,0.8593132971316148
2020-02-17,44.70618725019099,-122.1885754513521,0.23280546222594656
2020-02-17,44.69702443429298,-122.2187588448985,0.8816714111626124
2020-02-17,44.69702443429298,-122.2435523467402,0.8956141200132018
2020-02-17,44.69918039097486,-122.19073140803395,0.28768207245178085
2020-02-17,44.69486847761109,-122.24085740088783,2.6683849447097785
2020-02-17,44.69810241263392,-122.21175198568235,0.7586043972145889
2020-02-17,44.71858400111184,-122.1616259928285,1.9694406464655074
2020-02-17,44.69971938014533,-122.19827725642058,0.30511713427388226
2020-02-17,44.74014356793072,-122.15893104697616,1.1047455668851833
2020-02-17,44.69702443429298,-122.21929783406898,0.9294943188498572
2020-02-17,44.6927125209292,-122.21768086655756,0.4910664737855283
2020-02-17,44.70025836931581,-122.20312815895484,0.6482966143945935
2020-02-17,44.72612984949845,-122.14707328522576,0.84308732785086
2020-02-17,44.69702443429298,-122.23061660664888,0.7022901013926196
2020-02-17,44.68085475917882,-122.1939653430568,0.8780076152648066
2020-02-17,44.692173531758726,-122.2187588448985,0.8919980393051105
2020-02-17,44.704570282679576,-122.237623465865,0.9341322723269687
2020-02-17,44.7099601743843,-122.17995162462454,0.7928189364633499
2020-02-17,44.72720782783939,-122.16971083038558,0.7414266317919397
2020-02-17,44.72073995779373,-122.17725667877218,0.7736097916618644
2020-02-17,44.72612984949845,-122.17456173291984,0.9073399013540706
2020-02-17,44.71211613106618,-122.18588050549972,0.7429670341973935
2020-02-17,44.70349230433864,-122.23277256333076,1.9257473786374977
2020-02-17,44.70888219604336,-122.19342635388634,0.8065125077596286
2020-02-17,44.70510927185005,-122.1901924188635,0.26768140574511146
2020-02-17,44.71912299028232,-122.24894223844493,0.8504034529453567
2020-02-17,44.70942118521383,-122.23924043337642,0.8034350529615572
2020-02-17,44.69971938014533,-122.24301335756974,0.860772784527444
2020-02-17,44.716967033600426,-122.1292866426002,0.9202523399808733
2020-02-17,44.716428044429954,-122.15947003614662,0.8989992347640942
2020-02-17,44.702953315168166,-122.19666028890916,0.3683963718228232
2020-02-17,44.725051871157504,-122.16809386287416,0.7257851892032001
2020-02-17,44.716967033600426,-122.16324296033991,1.0874389880699844
2020-02-17,44.69756342346345,-122.22307075826228,0.726483600827537
2020-02-17,44.692173531758726,-122.25433213014963,1.0602382757864945
2020-02-17,44.71966197945279,-122.15947003614662,1.3643154544011153
2020-02-17,44.72073995779373,-122.18210758130644,0.8553073260556378
2020-02-17,44.70780421770241,-122.19450433222728,0.827069610611732
2020-02-17,44.72073995779373,-122.15677509029426,0.7860715784858745
2020-02-17,44.722895914475615,-122.15138519858954,0.8115117806409784
2020-02-17,44.721278946964205,-122.24840324927445,0.639303948539122
2020-02-17,44.70564826102052,-122.19666028890916,0.8150186813055614
2020-02-17,44.696485445122505,-122.25055920595634,1.1170846863035522
2020-02-17,44.7137330985776,-122.18480252715878,0.799736197600779
2020-02-17,44.69864140180439,-122.20582310480718,0.5014797613477531
2020-02-17,44.70133634765675,-122.23331155250123,0.7342300916442913
2020-02-17,44.68732262922448,-122.19935523476153,1.0142198568681073
2020-02-17,44.71103815272524,-122.18911444052256,0.3744733547998267
2020-02-17,44.69055656424732,-122.20366714812528,0.5657667417972918
2020-02-17,44.71103815272524,-122.17240577623794,1.4718165345580527
2020-02-17,44.70726522853194,-122.23492852001266,0.7677050964782884
2020-02-17,44.716967033600426,-122.18480252715878,0.8594022912313647
2020-02-17,44.69325151009967,-122.21444693153472,0.9270698661289821
2020-02-17,44.69594645595203,-122.20312815895484,0.45413028008944534
2020-02-17,44.70079735848628,-122.19881624559105,0.38518043693665865
2020-02-17,44.72666883866892,-122.14545631771436,0.8165429531212863
2020-02-17,44.72666883866892,-122.15246317693048,0.8086954173191649
2020-02-17,44.715350066089016,-122.24409133591068,0.8308049081933623
2020-02-17,44.70079735848628,-122.23061660664888,0.7964562500259441
2020-02-17,44.71211613106618,-122.18695848384068,0.7961747506504094
2020-02-17,44.70187533682722,-122.23385054167171,0.7293647534466785
2020-02-17,44.696485445122505,-122.20366714812528,0.4586691441716289
2020-02-17,44.727746817009866,-122.17456173291984,0.8628162001030347
2020-02-17,44.72828580618033,-122.17078880872651,0.8319836254141612
2020-02-17,44.67923779166741,-122.19558231056824,1.4069962690522144
2020-02-17,44.69810241263392,-122.24840324927445,1.8456122822642334
2020-02-17,44.72990277369175,-122.16971083038558,0.8581533431475459
2020-02-17,44.71319410940713,-122.24085740088783,0.8455541807823767
2020-02-17,44.69810241263392,-122.2133689531938,0.9092731592155086
2020-02-17,44.72451288198703,-122.15515812278284,0.8033624113492964
2020-02-17,44.72828580618033,-122.1691718412151,0.7485382589890388
2020-02-17,44.70025836931581,-122.24085740088783,1.1079146813304233
2020-02-17,44.69594645595203,-122.19504332139776,1.9459101490553132
2020-02-17,44.69918039097486,-122.20043321310249,0.3448404862917294
2020-02-17,44.706726239361466,-122.24085740088783,0.7210559686770217
2020-02-17,44.71103815272524,-122.17510072209028,1.1314021114911006
2020-02-17,44.71319410940713,-122.17563971126076,0.8528262606041401
2020-02-17,44.72720782783939,-122.16863285204464,0.7214869518069008
2020-02-17,44.706726239361466,-122.17941263545409,0.7979812418755258
2020-02-17,44.725051871157504,-122.18210758130644,0.8738826941982653
2020-02-17,44.72343490364609,-122.16647689536276,1.287406359967682
2020-02-17,44.72073995779373,-122.13359855596396,0.9851617190291865
2020-02-17,44.71211613106618,-122.1788736462836,0.752015419449193
2020-02-17,44.7099601743843,-122.23816245503548,0.7756395053141121
2020-02-17,44.6889395967359,-122.19935523476153,1.389197120777852
2020-02-17,44.69756342346345,-122.22199277992134,0.793979386593024
2020-02-17,44.712655120236654,-122.17078880872651,1.0726368022648491
2020-02-17,44.710499163554765,-122.1880364621816,0.3299844521424704
2020-02-17,44.72343490364609,-122.16809386287416,1.261383711539275
2020-02-17,44.72612984949845,-122.15839205780568,0.9018431587794062
2020-02-17,44.725051871157504,-122.13737148015728,0.9092254139840543
2020-02-17,44.6851666725426,-122.19666028890916,1.1046098370746367
2020-02-17,44.69055656424732,-122.20797906148908,0.8764261333102275
2020-02-17,44.694329488440616,-122.20582310480718,0.5223864461670666
2020-02-17,44.70510927185005,-122.18480252715878,0.28111606068089035
2020-02-17,44.69486847761109,-122.20474512646624,0.4268399676928979
2020-02-17,44.737448622078354,-122.1578530686352,0.8082456508456598
2020-02-17,44.69810241263392,-122.20905703983,0.5399430223367178
2020-02-17,44.69756342346345,-122.20797906148908,0.5095344680023708
2020-02-17,44.722895914475615,-122.13413754513444,0.9260469068195197
2020-02-17,44.69864140180439,-122.2473252709335,0.8513711857748393
2020-02-17,44.7099601743843,-122.1939653430568,0.908844898510898
2020-02-17,44.70133634765675,-122.19935523476153,0.5050949490570056
2020-02-17,44.7099601743843,-122.17563971126076,1.2992829841302609
2020-02-17,44.69379049927014,-122.22145379075086,1.0986122886681098
2020-02-17,44.70133634765675,-122.1885754513521,0.4054651081081644
2020-02-17,44.72666883866892,-122.1600090253171,0.87808267703526
2020-02-17,44.7175060227709,-122.12820866425926,0.9489588187422814
2020-02-17,44.70349230433864,-122.23385054167171,0.7842609880807613
2020-02-17,44.714811076918544,-122.18102960296548,0.8072064072941376
2020-02-17,44.706726239361466,-122.23331155250123,0.8420319187819166
2020-02-17,44.71588905525949,-122.18534151632926,0.8142915639190337
2020-02-17,44.72612984949845,-122.15084620941909,0.8661566898987058
2020-02-17,44.71588905525949,-122.17779566794266,1.0687980259576833
2020-02-17,44.72451288198703,-122.18102960296548,1.058196467995843
2020-02-17,44.702414325997694,-122.23169458498982,0.8444188859703725
2020-02-17,44.696485445122505,-122.21444693153472,0.6711682738411701
2020-02-17,44.692173531758726,-122.20797906148908,0.80472003119805
2020-02-17,44.72451288198703,-122.15084620941909,0.768235985118323
2020-02-17,44.715350066089016,-122.17510072209028,0.8320940363796594
2020-02-17,44.725590860327976,-122.14976823107811,0.8221789287521994
2020-02-17,44.71319410940713,-122.24570830342208,1.1387923659736405
2020-02-17,44.70726522853194,-122.17563971126076,0.9393983068843047
2020-02-17,44.68732262922448,-122.199894223932,1.0986122886681098
2020-02-17,44.714811076918544,-122.15839205780568,0.9079919290594599
2020-02-17,44.70780421770241,-122.2419353792288,0.8657860366374825
2020-02-17,44.68031577000835,-122.19288736471586,0.9674200783967594
2020-02-17,44.71319410940713,-122.16971083038558,1.0986122886681098
2020-02-17,44.70942118521383,-122.17348375457888,0.9044562742271522
2020-02-17,44.71912299028232,-122.15354115527144,0.853920401147697
2020-02-17,44.72451288198703,-122.13575451264586,0.8900273261864503
2020-02-17,44.71427208774807,-122.1901924188635,0.8241577752779009
2020-02-17,44.69163454258826,-122.21606389904616,0.9869454800291623
2020-02-17,44.681393748349294,-122.19288736471586,0.8783208490096219
2020-02-17,44.716428044429954,-122.12874765342973,0.9087479052798061
2020-02-17,44.73205873037364,-122.16108700365804,0.8290079476362857
2020-02-17,44.72612984949845,-122.16216498199896,0.8582473622242398
2020-02-17,44.71211613106618,-122.17779566794266,0.7671569160614933
2020-02-17,44.71804501194137,-122.18102960296548,0.7540281077962019
2020-02-17,44.716967033600426,-122.18749747301116,0.9054384070451152
2020-02-17,44.72073995779373,-122.17995162462454,0.878550403891308
2020-02-17,44.72451288198703,-122.17240577623794,0.7267908769347251
2020-02-17,44.69810241263392,-122.22468772577368,0.700527287857568
2020-02-17,44.71211613106618,-122.19180938637491,0.8955246341301589
2020-02-17,44.71912299028232,-122.15192418776002,1.2578520380028393
2020-02-17,44.73475367622599,-122.15893104697616,0.9035569389454096
2020-02-17,44.70888219604336,-122.1901924188635,0.28420380807545614
2020-02-17,44.70618725019099,-122.19719927807964,0.8352860231644276
2020-02-17,44.69971938014533,-122.20312815895484,0.46623714645025877
2020-02-17,44.70780421770241,-122.17671768960172,1.1700712526502546
2020-02-17,44.69594645595203,-122.20258916978436,0.44911773826590107
2020-02-17,44.70187533682722,-122.18695848384068,0.8754687373538999
2020-02-17,44.7137330985776,-122.19073140803395,0.8459136029460046
2020-02-17,44.716967033600426,-122.18695848384068,0.8745894758768465
2020-02-17,44.69971938014533,-122.19558231056824,0.2704104859431203
2020-02-17,44.72020096862326,-122.18372454881784,0.8619911219645252
2020-02-17,44.67815981332647,-122.19288736471586,2.3219368636549955
2020-02-17,44.69756342346345,-122.21067400734142,0.6670019004556229
2020-02-17,44.69864140180439,-122.237623465865,0.9479657122231072
2020-02-17,44.69756342346345,-122.2187588448985,2.608937930708323
2020-02-17,44.7175060227709,-122.16432093868086,1.6665963262740489
2020-02-17,44.68786161839496,-122.20474512646624,3.2870840748947345
2020-02-17,44.70888219604336,-122.18156859213596,0.7954761688164766
2020-02-17,44.71804501194137,-122.1885754513521,0.882290370851029
2020-02-17,44.72720782783939,-122.14599530688484,0.8143035699460592
2020-02-17,44.72181793613468,-122.17779566794266,0.7286878376063649
2020-02-17,44.722895914475615,-122.17348375457888,1.824549292051046
2020-02-17,44.70133634765675,-122.20366714812528,0.9196264509548134
2020-02-17,44.68301071586071,-122.19558231056824,0.9300091522165003
2020-02-17,44.714811076918544,-122.16432093868086,0.7096764825111558
2020-02-17,44.6889395967359,-122.20366714812528,0.8372922182698824
2020-02-17,44.7137330985776,-122.16485992785134,0.8938178760220965
2020-02-17,44.72451288198703,-122.16863285204464,0.7334470933862898
2020-02-17,44.71588905525949,-122.16270397116944,1.0152306797290584
2020-02-17,44.692173531758726,-122.20636209397766,0.8412301638247787
2020-02-17,44.72720782783939,-122.16432093868086,0.8695417523000821
2020-02-17,44.70025836931581,-122.20258916978436,0.5606284462498089
2020-02-17,44.72720782783939,-122.15138519858954,0.8555722970270215
2020-02-17,44.71858400111184,-122.24570830342208,0.8348629824279571
2020-02-17,44.72612984949845,-122.15300216610096,0.7644801877382991
2020-02-17,44.72397389281656,-122.17240577623794,0.7244839428645431
2020-02-17,44.69540746678156,-122.20528411563672,0.4054651081081644
2020-02-17,44.69702443429298,-122.2112129965119,0.6652902260569791
2020-02-17,44.710499163554765,-122.23546750918312,1.3528132424964399
2020-02-17,44.71319410940713,-122.17779566794266,0.7823276535101421
2020-02-17,44.74014356793072,-122.15623610112378,1.0026110238328243
2020-02-17,44.69756342346345,-122.21444693153472,1.318325997015425
2020-02-17,44.7137330985776,-122.17833465711313,0.8075907067524831
2020-02-17,44.722895914475615,-122.16863285204464,2.4938534357778064
2020-02-17,44.715350066089016,-122.18318555964736,0.8031559671572781
2020-02-17,44.715350066089016,-122.17402274374936,0.7255137911961699
2020-02-17,44.68678364005401,-122.20043321310249,0.8785301873723897
2020-02-17,44.69325151009967,-122.20797906148908,0.6255677368701408
2020-02-17,44.72181793613468,-122.17725667877218,0.7362743971815494
2020-02-17,44.71103815272524,-122.1923483755454,0.8712733461237971
2020-02-17,44.681393748349294,-122.19504332139776,0.9074322656017833
2020-02-17,44.716967033600426,-122.17833465711313,0.7415737744654197
2020-02-17,44.71157714189571,-122.17671768960172,0.8644815493491881
2020-02-17,44.71804501194137,-122.15731407946473,0.8754687373538999
2020-02-17,44.725051871157504,-122.17402274374936,0.8113327116936885
2020-02-17,44.716967033600426,-122.2494812276154,1.0535035526464922
2020-02-17,44.722895914475615,-122.15623610112378,0.7666122496270186
2020-02-17,44.715350066089016,-122.17941263545409,0.7318034253223028
2020-02-17,44.716967033600426,-122.24786426010398,1.402823663071101
2020-02-17,44.70025836931581,-122.22899963913748,0.828766058523582
2020-02-17,44.69486847761109,-122.25271516263822,2.209494669928034
2020-02-17,44.725590860327976,-122.1540801444419,0.8329091229351039
2020-02-17,44.716428044429954,-122.17186678706749,1.1500319573765665
2020-02-17,44.706726239361466,-122.1826465704769,0.7496175270480061
2020-02-17,44.702953315168166,-122.18534151632926,2.2335922215070942
2020-02-17,44.71588905525949,-122.24301335756974,0.8126381585614849
2020-02-17,44.71211613106618,-122.16593790619228,2.9939449629798953
2020-02-17,44.71427208774807,-122.18318555964736,0.8931968406474806
2020-02-17,44.721278946964205,-122.1578530686352,0.7890560552273903
2020-02-17,44.702414325997694,-122.23115559581936,0.9936460290088396
2020-02-17,44.70942118521383,-122.18049061379502,0.7635912031239979
2020-02-17,44.69379049927014,-122.21282996402331,0.8568612102895959
2020-02-17,44.725051871157504,-122.17941263545409,0.9074510868283632
2020-02-17,44.725590860327976,-122.16324296033991,0.8773936657634842
2020-02-17,44.69918039097486,-122.22522671494416,1.8819032728880953
2020-02-17,44.725051871157504,-122.15354115527144,0.7752702703324481
2020-02-17,44.72451288198703,-122.18480252715878,1.1423797934181217
2020-02-17,44.70025836931581,-122.19612129973868,0.31077778724643024
2020-02-17,44.68732262922448,-122.20043321310249,0.9809370987923646
2020-02-17,44.716967033600426,-122.24409133591068,0.8114111010536795
2020-02-17,44.71588905525949,-122.24624729259256,0.6330975467804348
2020-02-17,44.71804501194137,-122.16593790619228,3.1151013523660094
2020-02-17,44.70834320687288,-122.16971083038558,2.553899521274952
2020-02-17,44.68947858590637,-122.2074400723186,1.3944576717590516
2020-02-17,44.696485445122505,-122.24894223844493,1.062817486590754
2020-02-17,44.74014356793072,-122.15731407946473,0.8535209537113321
2020-02-17,44.70349230433864,-122.24031841171735,0.8971588143010177
2020-02-17,44.70888219604336,-122.1939653430568,0.8406237532995104
2020-02-17,44.696485445122505,-122.19827725642058,0.31703963708133664
2020-02-17,44.72397389281656,-122.1384494584982,1.1446381110633919
2020-02-17,44.72451288198703,-122.14869025273718,0.9530067474124272
2020-02-17,44.69109555341779,-122.2112129965119,0.8583476965737885
2020-02-17,44.69163454258826,-122.25325415180868,1.4623844944776039
2020-02-17,44.71966197945279,-122.15731407946473,0.9162907318741551
2020-02-17,44.71427208774807,-122.18426353798831,0.9454019004004932
2020-02-17,44.73637064373741,-122.1616259928285,2.0785937247574964
2020-02-17,44.70079735848628,-122.1864194946702,1.2462482874741743
2020-02-17,44.70726522853194,-122.2419353792288,0.8877538484560284
2020-02-17,44.716428044429954,-122.16647689536276,1.6665963262740489
2020-02-17,44.69486847761109,-122.2209148015804,0.5545006872686523
2020-02-17,44.69918039097486,-122.22899963913748,0.7867513605191699
2020-02-17,44.72020096862326,-122.2494812276154,0.8895204908095502
2020-02-17,44.714811076918544,-122.24409133591068,0.8139255492637009
2020-02-17,44.70079735848628,-122.1880364621816,1.1526795099383853
2020-02-17,44.710499163554765,-122.17941263545409,0.7940896670599945
2020-02-17,44.69594645595203,-122.23115559581936,1.2934633750769968
2020-02-17,44.69756342346345,-122.20905703983,0.5152357742435434
2020-02-17,44.710499163554765,-122.18049061379502,0.7855727190682261
2020-02-17,44.72235692530514,-122.2473252709335,0.9290172864133777
2020-02-17,44.71804501194137,-122.15515812278284,1.0229004669324133
2020-02-17,44.69971938014533,-122.199894223932,0.4131871542020747
2020-02-17,44.7137330985776,-122.16432093868086,0.7351113796589773
2020-02-17,44.6927125209292,-122.20582310480718,0.6127399749782363
2020-02-17,44.71966197945279,-122.1600090253171,1.2809338454620642
2020-02-17,44.69971938014533,-122.19180938637491,0.23233197736861597
2020-02-17,44.72612984949845,-122.14599530688484,0.8665910633218825
2020-02-17,44.70618725019099,-122.23492852001266,0.7930548643893656
2020-02-17,44.69594645595203,-122.2225317690918,0.46448528650728865
2020-02-17,44.70025836931581,-122.23546750918312,0.764141130217913
2020-02-17,44.712655120236654,-122.17510072209028,0.8232003088081431
2020-02-17,44.72936378452128,-122.16270397116944,0.9073621011298537
2020-02-17,44.69055656424732,-122.20420613729576,0.636140362263378
2020-02-17,44.71588905525949,-122.18426353798831,0.8159564226488776
2020-02-17,44.70834320687288,-122.19504332139776,0.8752467864041485
2020-02-17,44.725051871157504,-122.16324296033991,0.904694937712772
2020-02-17,44.72343490364609,-122.18588050549972,1.0287737511688149
2020-02-17,44.72666883866892,-122.1729447654084,0.8660973696605203
2020-02-17,44.72073995779373,-122.13413754513444,1.2297569214816506
2020-02-17,44.7137330985776,-122.2419353792288,0.8071390691630599
2020-02-17,44.692173531758726,-122.21552490987568,0.917187190921192
2020-02-17,44.721278946964205,-122.15246317693048,0.807207746026996
2020-02-17,44.69864140180439,-122.23169458498982,0.7214356423348199
2020-02-17,44.7137330985776,-122.24139639005833,0.7780560778846547
2020-02-17,44.702414325997694,-122.19719927807964,0.37743359425227824
2020-02-17,44.706726239361466,-122.19180938637491,0.2645807411783829
2020-02-17,44.71804501194137,-122.1616259928285,1.6613976513648114
2020-02-17,44.68354970503118,-122.19558231056824,1.0068615663145835
2020-02-17,44.69702443429298,-122.20797906148908,0.47907692545141045
2020-02-17,44.70133634765675,-122.2435523467402,2.178463831335601
2020-02-17,44.73690963290788,-122.16054801448756,0.8478287868663595
2020-02-17,44.72397389281656,-122.1503072202486,0.7902549341243849
2020-02-17,44.72181793613468,-122.1540801444419,0.776105157425364
2020-02-17,44.72612984949845,-122.16432093868086,0.8888499857192014
2020-02-17,44.696485445122505,-122.1977382672501,0.30100752704893025
2020-02-17,44.70780421770241,-122.17456173291984,0.9255739341777043
2020-02-17,44.702414325997694,-122.23924043337642,0.8532553915296083
2020-02-17,44.72235692530514,-122.17456173291984,1.8718021769015913
2020-02-17,44.71427208774807,-122.16324296033991,0.8145080375642126
2020-02-17,44.70564826102052,-122.19450433222728,0.36564361392149275
2020-02-17,44.7099601743843,-122.18318555964736,0.7899442980658345
2020-02-17,44.727746817009866,-122.16216498199896,0.9339499774484138
2020-02-17,44.7137330985776,-122.1729447654084,0.780816582183439
2020-02-17,44.71588905525949,-122.1670158845332,1.7676619176489945
2020-02-17,44.67708183498552,-122.19612129973868,1.0785111093470223
2020-02-17,44.69864140180439,-122.23385054167171,0.6914175750552559
2020-02-17,44.69325151009967,-122.21768086655756,0.6142532380902823
2020-02-17,44.71858400111184,-122.1637819495104,0.8714925889742605
2020-02-17,44.702953315168166,-122.18588050549972,1.791759469228055
2020-02-17,44.696485445122505,-122.21390794236426,0.659080625996339
2020-02-17,44.70025836931581,-122.19180938637491,0.23127367739745988
2020-02-17,44.68840060756543,-122.20420613729576,0.7863295258598123
2020-02-17,44.70834320687288,-122.2397794225469,0.7382518368722013
2020-02-17,44.7137330985776,-122.17671768960172,0.8157248554158477
2020-02-17,44.72666883866892,-122.16324296033991,0.8870402619815742
2020-02-17,44.7175060227709,-122.15947003614662,0.7946426698513992
2020-02-17,44.69971938014533,-122.20636209397766,0.5427139771328194
2020-02-17,44.69486847761109,-122.20151119144342,0.31177962403084136
2020-02-17,44.70564826102052,-122.18588050549972,0.2518536571966412
2020-02-17,44.72451288198703,-122.1389884476687,0.9779515531841112
2020-02-17,44.71912299028232,-122.15839205780568,1.123003741792269
2020-02-17,44.72720782783939,-122.1578530686352,0.9302379593550054
2020-02-17,44.71588905525949,-122.17078880872651,0.7651206801850345
2020-02-17,44.710499163554765,-122.17402274374936,1.1986957472250923
2020-02-17,44.69594645595203,-122.24301335756974,1.179525444677471
2020-02-17,44.72720782783939,-122.15084620941909,0.9187417134932953
2020-02-17,44.69594645595203,-122.20690108314813,0.5065612249795332
2020-02-17,44.72397389281656,-122.18318555964736,0.9049220042673953
2020-02-17,44.716428044429954,-122.16216498199896,1.1749852674526837
2020-02-17,44.69379049927014,-122.21067400734142,0.7382820615930027
2020-02-17,44.71804501194137,-122.1578530686352,0.8564722366632448
2020-02-17,44.72720782783939,-122.17563971126076,0.8945601940417669
2020-02-17,44.710499163554765,-122.17671768960172,0.9343092373768334
2020-02-17,44.72990277369175,-122.1600090253171,0.9269039058993106
2020-02-17,44.7288247953508,-122.1729447654084,0.893173494203585
2020-02-17,44.70025836931581,-122.1923483755454,0.23280546222594656
2020-02-17,44.725590860327976,-122.16809386287416,0.7282699049405829
2020-02-17,44.722895914475615,-122.17456173291984,0.7480646052408872
2020-02-17,44.72612984949845,-122.17348375457888,0.8677979212602891
2020-02-17,44.69325151009967,-122.22037581240993,0.6007738604289301
2020-02-17,44.70403129350911,-122.1885754513521,0.2589719665693495
2020-02-17,44.72343490364609,-122.17995162462454,0.9236926901698228
2020-02-17,44.67869880249694,-122.19558231056824,1.1525113437898347
2020-02-17,44.696485445122505,-122.24301335756974,1.0357153074904966
2020-02-17,44.68786161839496,-122.20151119144342,0.8562874930233851
2020-02-17,44.70349230433864,-122.18749747301116,0.23180161405732438
2020-02-17,44.69109555341779,-122.20312815895484,0.5807629310228114
2020-02-17,44.71966197945279,-122.24678628176304,0.7844386007693526
2020-02-17,44.696485445122505,-122.1923483755454,5.702114417555504
2020-02-17,44.70726522853194,-122.18911444052256,0.22606610575681163
2020-02-17,44.71319410940713,-122.17510072209028,0.8029689253053163
2020-02-17,44.70564826102052,-122.18102960296548,2.0794415416798357
2020-02-17,44.70079735848628,-122.24247436839926,0.7701082216960737
2020-02-17,44.70618725019099,-122.19288736471586,0.3171479637948101
2020-02-17,44.70133634765675,-122.24409133591068,2.8903717578961645
2020-02-17,44.7175060227709,-122.16593790619228,0.8776450167764954
2020-02-17,44.7175060227709,-122.1901924188635,2.1862869682974995
2020-02-17,44.725051871157504,-122.17833465711313,0.9630611013759156
2020-02-17,44.69594645595203,-122.2133689531938,0.8111979179981442
2020-02-17,44.71588905525949,-122.24570830342208,0.6199627827041523
2020-02-17,44.71912299028232,-122.13252057762304,1.0542444644865474
2020-02-17,44.69864140180439,-122.19719927807964,0.2852868617258261
2020-02-17,44.70780421770241,-122.2397794225469,0.741654699165031
2020-02-17,44.72343490364609,-122.15192418776002,0.7638154564273413
2020-02-17,44.73960457876024,-122.15839205780568,0.8622024666114122
2020-02-17,44.71912299028232,-122.18102960296548,0.7629410132431016
2020-02-17,44.712655120236654,-122.18102960296548,0.7705502796128584
2020-02-17,44.70834320687288,-122.18588050549972,0.2563751678267368
2020-02-17,44.72181793613468,-122.1729447654084,1.6975722541683538
2020-02-17,44.71427208774807,-122.18102960296548,0.8224300130389506
2020-02-17,44.69594645595203,-122.22414873660324,0.4619773183715068
2020-02-17,44.7175060227709,-122.1292866426002,0.928067799065175
2020-02-17,44.70564826102052,-122.23654548752408,0.7116943316788217
2020-02-17,44.67654284581505,-122.19719927807964,1.3205205093743266
2020-02-17,44.70888219604336,-122.17510072209028,0.952567380094287
2020-02-17,44.71588905525949,-122.17240577623794,0.8133842051778954
2020-02-17,44.70942118521383,-122.18695848384068,0.2865603673425809
2020-02-17,44.71103815272524,-122.18372454881784,0.8586198371805877
2020-02-17,44.69918039097486,-122.19342635388634,0.25075871834718305
2020-02-17,44.67654284581505,-122.19666028890916,1.0509336062180834
2020-02-17,44.716967033600426,-122.15623610112378,1.0116009116784799
2020-02-17,44.7137330985776,-122.1885754513521,0.8863416564652813
2020-02-17,44.71211613106618,-122.17348375457888,1.2809338454620642
2020-02-17,44.716967033600426,-122.15947003614662,0.8109302162163288
2020-02-17,44.722895914475615,-122.17402274374936,1.0086640520051704
2020-02-17,44.69486847761109,-122.2112129965119,0.6668529400272581
2020-02-17,44.69163454258826,-122.2133689531938,0.8782858295650492
2020-02-17,44.70187533682722,-122.20205018061388,0.8494086306840349
2020-02-17,44.70726522853194,-122.19666028890916,0.9217386872374432
2020-02-17,44.67600385664458,-122.19612129973868,1.0700499456560932
2020-02-17,44.68031577000835,-122.19450433222728,0.8840393291857004
2020-02-17,44.69918039097486,-122.23115559581936,0.7158238892309751
2020-02-17,44.69594645595203,-122.2166028882166,0.5148497740657161
2020-02-17,44.70942118521383,-122.23708447669456,0.7802307675362475
2020-02-17,44.72828580618033,-122.14491732854388,0.8568354728883
2020-02-17,44.704570282679576,-122.18695848384068,0.22884157242884745
2020-02-17,44.722895914475615,-122.17024981955603,1.6765242056504703
2020-02-17,44.725590860327976,-122.1637819495104,0.8897692874960964
2020-02-17,44.70888219604336,-122.17617870043124,0.834838580697385
2020-02-17,44.725590860327976,-122.18372454881784,1.0200554418815735
2020-02-17,44.702414325997694,-122.18965342969304,0.24347597994728531
2020-02-17,44.69864140180439,-122.199894223932,0.2914064715427634
2020-02-17,44.69864140180439,-122.19127039720443,0.6931471805599453
2020-02-17,44.69109555341779,-122.20636209397766,0.8867965131229402
2020-02-17,44.71319410940713,-122.17240577623794,0.8924800831804366
2020-02-17,44.70618725019099,-122.17941263545409,2.8903717578961645
2020-02-17,44.72666883866892,-122.1481512635667,0.8416842832792027
2020-02-17,44.716967033600426,-122.18534151632926,0.8632217637439268
2020-02-17,44.69756342346345,-122.21229097485283,0.6828906803927562
2020-02-17,44.70510927185005,-122.23924043337642,0.8364418038737375
2020-02-17,44.71858400111184,-122.15623610112378,0.8040307039450442
2020-02-17,44.72020096862326,-122.15246317693048,0.825616924615296
2020-02-17,44.71157714189571,-122.18911444052256,0.5084559544106724
2020-02-17,44.72612984949845,-122.17833465711313,0.9423302045295342
2020-02-17,44.72451288198703,-122.16809386287416,0.7246979466596036
2020-02-17,44.7137330985776,-122.2435523467402,0.8310838666523844
2020-02-17,44.70187533682722,-122.1864194946702,0.8873031950009029
2020-02-17,44.6889395967359,-122.20582310480718,2.3690748342628787
2020-02-17,44.68786161839496,-122.19935523476153,0.8789967328431495
2020-02-17,44.70510927185005,-122.19127039720443,0.24491440643543844
2020-02-17,44.7137330985776,-122.16216498199896,0.7404000654104909
2020-02-17,44.694329488440616,-122.2133689531938,0.85800553033842
2020-02-17,44.7137330985776,-122.17617870043124,0.8147507102000195
2020-02-17,44.68786161839496,-122.20258916978436,0.8551165085050014
2020-02-17,44.69702443429298,-122.22307075826228,0.46292216313295176
2020-02-17,44.69379049927014,-122.20258916978436,0.8736653103547493
2020-02-17,44.69864140180439,-122.1901924188635,0.8472978603872034
2020-02-17,44.73583165456694,-122.16108700365804,0.8017193166561528
2020-02-17,44.70187533682722,-122.23816245503548,0.8379064561978385
2020-02-17,44.70942118521383,-122.18749747301116,0.2887827880279664
2020-02-17,44.69918039097486,-122.19935523476153,0.3347999954288508
2020-02-17,44.70079735848628,-122.23654548752408,0.7618132012513738
2020-02-17,44.702414325997694,-122.1864194946702,1.0986122886681098
2020-02-17,44.692173531758726,-122.2149859207052,0.8855488701412991
2020-02-17,44.716428044429954,-122.17024981955603,0.8368491663888449
2020-02-17,44.675464867474105,-122.19666028890916,1.0324227206833798
2020-02-17,44.70726522853194,-122.19719927807964,1.0857088838322018
2020-02-17,44.6927125209292,-122.20366714812528,0.4813031844996689
2020-02-17,44.7385266004193,-122.15677509029426,0.8459943624837595
2020-02-17,44.71588905525949,-122.1637819495104,1.0082282271998406
2020-02-17,44.71858400111184,-122.1578530686352,0.990398704027877
2020-02-17,44.733675697885054,-122.1600090253171,0.8187187368339023
2020-02-17,44.72343490364609,-122.18372454881784,0.8923593525183237
2020-02-17,44.68085475917882,-122.1923483755454,0.9292531703297265
2020-02-17,44.70079735848628,-122.19666028890916,0.2795848622191615
2020-02-17,44.70349230433864,-122.18695848384068,0.25782910930209985
2020-02-17,44.72666883866892,-122.15354115527144,0.8201402280610065
2020-02-17,44.73259771954411,-122.15947003614662,0.8502390389780197
2020-02-17,44.7175060227709,-122.1637819495104,1.7047480922384253
2020-02-17,44.71427208774807,-122.18372454881784,0.9242217274931053
2020-02-17,44.7099601743843,-122.1885754513521,0.32047189527477177
2020-02-17,44.727746817009866,-122.14491732854388,0.8910502305266783
2020-02-17,44.72397389281656,-122.17563971126076,0.8382799596352024
2020-02-17,44.706726239361466,-122.23870144420596,0.7141563566492888
2020-02-17,44.69594645595203,-122.22468772577368,0.6876576882751738
2020-02-17,44.70349230433864,-122.18480252715878,2.5649493574615367
2020-02-17,44.725590860327976,-122.1384494584982,0.8625881699119419
2020-02-17,44.725051871157504,-122.14761227439624,1.264126727145683
2020-02-17,44.72343490364609,-122.17510072209028,0.7511941740692053
2020-02-17,44.70079735848628,-122.22953862830794,0.8714834248983544
2020-02-17,44.694329488440616,-122.22630469328512,1.2093636529608125
2020-02-17,44.67708183498552,-122.18911444052256,0.9921019917842484
2020-02-17,44.71319410940713,-122.1729447654084,0.8403048248962331
2020-02-17,44.68678364005401,-122.20312815895484,2.616414852865499
2020-02-17,44.71427208774807,-122.17833465711313,0.8036754655721747
2020-02-17,44.69702443429298,-122.2360064983536,1.619513564422842
2020-02-17,44.7137330985776,-122.1880364621816,0.8837989104759045
2020-02-17,44.72666883866892,-122.15300216610096,0.7948424508194757
2020-02-17,44.72666883866892,-122.17671768960172,0.918531532604935
2020-02-17,44.725590860327976,-122.15300216610096,0.7680962349556713
2020-02-17,44.722895914475615,-122.15677509029426,0.8167838914677895
2020-02-17,44.69594645595203,-122.19450433222728,3.597312260588446
2020-02-17,44.694329488440616,-122.25217617346776,0.7804036255571735
2020-02-17,44.71966197945279,-122.18534151632926,0.8983839173103552
2020-02-17,44.68840060756543,-122.20151119144342,0.9117646995061784
2020-02-17,44.69594645595203,-122.199894223932,0.30368241379822214
2020-02-17,44.70888219604336,-122.18911444052256,0.2727991417600707
2020-02-17,44.71804501194137,-122.1788736462836,0.7274710329425673
2020-02-17,44.70025836931581,-122.19450433222728,0.2688135881473981
2020-02-17,44.69486847761109,-122.20959602900048,0.5641867495612456
2020-02-17,44.73960457876024,-122.15623610112378,0.8378614854242136
2020-02-17,44.706726239361466,-122.17671768960172,1.820332841672111
2020-02-17,44.71858400111184,-122.12982563177069,0.9363774904408924
2020-02-17,44.72990277369175,-122.1616259928285,0.873009383743758
2020-02-17,44.7099601743843,-122.17941263545409,0.8004762007904438
2020-02-17,44.716967033600426,-122.16647689536276,0.9614111671546247
2020-02-17,44.71157714189571,-122.17510072209028,1.1314021114911006
2020-02-17,44.68947858590637,-122.20636209397766,0.8520082446535451
2020-02-17,44.70780421770241,-122.24085740088783,0.7749537793295966
2020-02-17,44.714811076918544,-122.24624729259256,0.8518467689135727
2020-02-17,44.696485445122505,-122.19666028890916,0.2627627502268983
2020-02-17,44.69163454258826,-122.21552490987568,0.9045022670982652
2020-02-17,44.70079735848628,-122.19342635388634,0.26121549926361765
2020-02-17,44.70133634765675,-122.23654548752408,0.8242908564352294
2020-02-17,44.71211613106618,-122.18965342969304,0.8024555892253565
2020-02-17,44.692173531758726,-122.25379314097916,0.9488139235797152
2020-02-17,44.72397389281656,-122.13952743683916,1.508896683212223
2020-02-17,44.7175060227709,-122.18210758130644,0.7735154620602223
2020-02-17,44.715350066089016,-122.17833465711313,0.8480824818476214
2020-02-17,44.69594645595203,-122.20205018061388,0.37548427589622857
2020-02-17,44.69001757507685,-122.20528411563672,0.8667699638000238
2020-02-17,44.72451288198703,-122.17671768960172,0.8782819340002715
2020-02-17,44.70187533682722,-122.23115559581936,0.8385827451769686
2020-02-17,44.71804501194137,-122.16216498199896,1.3862943611198906
2020-02-17,44.69001757507685,-122.2149859207052,3.6393390085538004
2020-02-17,44.73044176286222,-122.15947003614662,0.9154757359040234
2020-02-17,44.70403129350911,-122.19180938637491,0.2451224580329849
2020-02-17,44.7099601743843,-122.19127039720443,0.7978765822807617
2020-02-17,44.71157714189571,-122.2397794225469,0.8178238238692306
2020-02-17,44.69055656424732,-122.20905703983,0.8084674542962952
2020-02-17,44.716967033600426,-122.15731407946473,0.8614824953791601
2020-02-17,44.70618725019099,-122.18210758130644,0.8751110195893987
2020-02-17,44.69971938014533,-122.2300776174784,0.8027725332450342
2020-02-17,44.696485445122505,-122.2510981951268,1.6868759674723035
2020-02-17,44.67815981332647,-122.19504332139776,1.1671650193028853
2020-02-17,44.6889395967359,-122.20420613729576,0.7991459993352138
2020-02-17,44.715350066089016,-122.24247436839926,0.8121504726215582
2020-02-17,44.706726239361466,-122.1885754513521,0.26652384694443493
2020-02-17,44.72073995779373,-122.24624729259256,0.8514718911704449
2020-02-17,44.69810241263392,-122.1901924188635,0.5964015447519339
2020-02-17,44.69325151009967,-122.2133689531938,0.8052395170591431
2020-02-17,44.704570282679576,-122.23816245503548,0.9370480131807855
2020-02-17,44.7175060227709,-122.18695848384068,0.9881779613874709
2020-02-17,44.69756342346345,-122.20636209397766,0.5076710470174753
2020-02-17,44.69810241263392,-122.20690108314813,0.5531986536147893
2020-02-17,44.6927125209292,-122.25271516263822,3.258096538021482
2020-02-17,44.71427208774807,-122.1880364621816,0.8713139264220681
2020-02-17,44.68786161839496,-122.20097220227294,0.8875032550195756
2020-02-17,44.696485445122505,-122.22145379075086,0.4715552199371545
2020-02-17,44.716967033600426,-122.16270397116944,1.1727202608218317
2020-02-17,44.70133634765675,-122.20312815895484,0.8370702697245944
2020-02-17,44.72828580618033,-122.16863285204464,0.7324983819782203
2020-02-17,44.7175060227709,-122.18156859213596,0.7466085409993003
2020-02-17,44.69864140180439,-122.23708447669456,0.8458739672233763
2020-02-17,44.71211613106618,-122.18156859213596,0.7789620512049388
2020-02-17,44.71858400111184,-122.18318555964736,0.828969036806007
2020-02-17,44.72666883866892,-122.16216498199896,0.886787065957187
2020-02-17,44.70187533682722,-122.19612129973868,0.31077778724643024
2020-02-17,44.70349230433864,-122.24085740088783,0.878482627958516
2020-02-17,44.715350066089016,-122.24463032508116,0.850381902924165
2020-02-17,44.72397389281656,-122.1670158845332,0.9720253683963982
2020-02-17,44.725590860327976,-122.13952743683916,0.856700213065594
2020-02-17,44.70510927185005,-122.19073140803395,0.26652384694443493
2020-02-17,44.712655120236654,-122.1670158845332,1.2622417124499117
2020-02-17,44.72666883866892,-122.16593790619228,0.7320055900151593
2020-02-17,44.70079735848628,-122.23708447669456,0.7933991282750491
2020-02-17,44.70726522853194,-122.23385054167171,0.7759361726697267
2020-02-17,44.70942118521383,-122.23816245503548,0.782702983759184
2020-02-17,44.69540746678156,-122.2149859207052,1.081258273974958
2020-02-17,44.69971938014533,-122.24678628176304,0.8984103065963065
2020-02-17,44.725590860327976,-122.15893104697616,0.9069576967935395
2020-02-17,44.70726522853194,-122.2360064983536,0.7770235853174637
2020-02-17,44.7137330985776,-122.2451693142516,0.9295359586241757
2020-02-17,44.71966197945279,-122.13144259928208,0.8981633472815984
2020-02-17,44.72451288198703,-122.17510072209028,0.8483315857667606
2020-02-17,44.722895914475615,-122.1330595667935,0.8883136721384173
2020-02-17,44.69594645595203,-122.22360974743276,0.5897688261061103
2020-02-17,44.70510927185005,-122.23438953084218,0.7734387992490792
2020-02-17,44.70942118521383,-122.19073140803395,0.3918223317043779
2020-02-17,44.696485445122505,-122.22899963913748,0.611032493405445
2020-02-17,44.68840060756543,-122.20043321310249,0.8274347168877921
2020-02-17,44.72451288198703,-122.16647689536276,0.9151472211720761
2020-02-17,44.69594645595203,-122.21282996402331,0.8180800679292362
2020-02-17,44.702953315168166,-122.2419353792288,1.4827139976962171
2020-02-17,44.73421468705553,-122.16054801448756,0.7661723155748351
2020-02-17,44.6851666725426,-122.20043321310249,1.818380384633483
2020-02-17,44.72343490364609,-122.17078880872651,1.2110902720948
2020-02-17,44.70888219604336,-122.17563971126076,0.8988161013508911
2020-02-17,44.710499163554765,-122.18318555964736,0.8064258045418147
2020-02-17,44.71157714189571,-122.24139639005833,0.8387511544187372
2020-02-17,44.69001757507685,-122.20797906148908,1.0828639316999704
2020-02-17,44.706726239361466,-122.19288736471586,0.3344195503034707
2020-02-17,44.69109555341779,-122.20205018061388,0.8246151000409188
2020-02-17,44.72612984949845,-122.15138519858954,0.8072131034555351
2020-02-17,44.71211613106618,-122.17941263545409,0.7582291475551874
2020-02-17,44.71858400111184,-122.2435523467402,0.9477804783667132
2020-02-17,44.7137330985776,-122.171327797897,0.8064758658669485
2020-02-17,44.69702443429298,-122.20312815895484,0.44825238331337336
2020-02-17,44.69810241263392,-122.23708447669456,0.9041445373305663
2020-02-17,44.70079735848628,-122.1923483755454,0.22981978021295357
2020-02-17,44.71966197945279,-122.18372454881784,0.8884024274219255
2020-02-17,44.69756342346345,-122.2451693142516,0.8935369061121253
2020-02-17,44.71858400111184,-122.13198158845256,0.8322400028030799
2020-02-17,44.721278946964205,-122.15461913361236,0.8020354976160998
2020-02-17,44.71157714189571,-122.17402274374936,1.023388867430522
2020-02-17,44.71912299028232,-122.16108700365804,0.9617531059509125
2020-02-17,44.69756342346345,-122.22360974743276,0.5509403915161527
2020-02-17,44.73583165456694,-122.16216498199896,1.7969988239140546
2020-02-17,44.706726239361466,-122.18318555964736,0.7005091770010146
2020-02-17,44.7137330985776,-122.24085740088783,0.831750747105723
2020-02-17,44.71804501194137,-122.24786426010398,0.9184589222852683
2020-02-17,44.73098075203269,-122.1675548737037,0.8653548711169713
2020-02-17,44.72828580618033,-122.15731407946473,0.9728148866433234
2020-02-17,44.68570566171307,-122.20097220227294,1.8768063574861673
2020-02-17,44.7175060227709,-122.18965342969304,0.8700099793101489
2020-02-17,44.7099601743843,-122.23870144420596,0.7677261144436502
2020-02-17,44.716967033600426,-122.1864194946702,0.8741318387590584
2020-02-17,44.68247172669024,-122.19612129973868,0.9295504735709423
2020-02-17,44.71588905525949,-122.1826465704769,0.7854224566691161
2020-02-17,44.70079735848628,-122.1885754513521,0.20215989901361894
2020-02-17,44.722895914475615,-122.13629350181633,2.2107775437409227
2020-02-17,44.725051871157504,-122.18534151632926,1.1038420353653868
2020-02-17,44.694329488440616,-122.2112129965119,0.865551300696554
2020-02-17,44.69540746678156,-122.22899963913748,1.5525297801622209
2020-02-17,44.72235692530514,-122.17348375457888,2.228477120840324
2020-02-17,44.716428044429954,-122.2510981951268,1.0359802285489184
2020-02-17,44.69810241263392,-122.22738267162605,0.8252462501895348
2020-02-17,44.69810241263392,-122.2322335741603,0.7239694273132155
2020-02-17,44.715350066089016,-122.18156859213596,0.7612763698282451
2020-02-17,44.71588905525949,-122.17995162462454,0.7366897235217292
2020-02-17,44.69486847761109,-122.19827725642058,1.6094379124341003
2020-02-17,44.69810241263392,-122.24786426010398,0.9532863195507502
2020-02-17,44.69702443429298,-122.21175198568235,0.7115930263506968
2020-02-17,44.714811076918544,-122.17725667877218,0.8111386581139046
2020-02-17,44.69379049927014,-122.22199277992134,1.0181399354455365
2020-02-17,44.72073995779373,-122.24840324927445,0.6363307055162845
2020-02-17,44.735292665396464,-122.16216498199896,1.0754840581555918
2020-02-17,44.72181793613468,-122.13413754513444,0.9668005869231138
2020-02-17,44.702414325997694,-122.2322335741603,0.8337210714423509
2020-02-17,44.696485445122505,-122.2494812276154,1.0410047394062836
2020-02-17,44.7099601743843,-122.1864194946702,0.3438439740019906
2020-02-17,44.72020096862326,-122.18318555964736,0.8582634053052605
2020-02-17,44.706726239361466,-122.17725667877218,2.100060828882572
2020-02-17,44.714811076918544,-122.17941263545409,0.7803320632323214
2020-02-17,44.716967033600426,-122.18426353798831,0.8617418730268385
2020-02-17,44.7175060227709,-122.16324296033991,1.2645974261423707
2020-02-17,44.72020096862326,-122.17941263545409,0.7381547766173814
2020-02-17,44.7099601743843,-122.18965342969304,0.3778771515893353
2020-02-17,44.68678364005401,-122.20151119144342,0.8284167523969989
2020-02-17,44.7137330985776,-122.1691718412151,0.8458736123273279
2020-02-17,44.69486847761109,-122.22630469328512,0.8956435269171219
2020-02-17,44.72451288198703,-122.14168339352103,3.0483247236731614
2020-02-17,44.72343490364609,-122.14922924190763,0.8605258420412979
2020-02-17,44.69486847761109,-122.22684368245558,1.090430762926807
2020-02-17,44.70618725019099,-122.237623465865,0.7045325027850707
2020-02-17,44.68678364005401,-122.20258916978436,1.0960249651031588
2020-02-17,44.70564826102052,-122.1880364621816,0.22906656961733182
2020-02-17,44.69971938014533,-122.23169458498982,0.8002605450451861
2020-02-17,44.7288247953508,-122.16054801448756,0.9338272193186026
2020-02-17,44.7175060227709,-122.2435523467402,0.8258097512242927
2020-02-17,44.69001757507685,-122.20151119144342,0.8167611365271219
2020-02-17,44.70187533682722,-122.20151119144342,0.8732039693145276
2020-02-17,44.72936378452128,-122.16216498199896,0.9322951380051321
2020-02-17,44.69971938014533,-122.19881624559105,0.3068345046665371
2020-02-17,44.70888219604336,-122.19450433222728,0.8489705677747069
2020-02-17,44.725051871157504,-122.15300216610096,0.7600242245189526
2020-02-17,44.70510927185005,-122.23331155250123,0.7960711018125789
2020-02-17,44.716428044429954,-122.18588050549972,0.8673990397082907
2020-02-17,44.7175060227709,-122.16647689536276,0.921704028457851
2020-02-17,44.67654284581505,-122.18965342969304,0.9767448361695015
2020-02-17,44.70942118521383,-122.237623465865,0.782111117417217
2020-02-17,44.72020096862326,-122.17779566794266,0.7506209699792129
2020-02-17,44.715350066089016,-122.17240577623794,0.7251450194218203
2020-02-17,44.67869880249694,-122.19342635388634,1.0221705931681675
2020-02-17,44.69325151009967,-122.20690108314813,0.6598773123416266
2020-02-17,44.69325151009967,-122.20636209397766,0.6453769042912587
2020-02-17,44.710499163554765,-122.1788736462836,1.0445450673978338
2020-02-17,44.69325151009967,-122.20420613729576,0.5019122976995645
2020-02-17,44.69594645595203,-122.2435523467402,1.3288373060951033
2020-02-17,44.7137330985776,-122.17725667877218,0.7925153369473709
2020-02-17,44.71103815272524,-122.1788736462836,0.7817417157749796
2020-02-17,44.69540746678156,-122.20474512646624,0.4104776499317086
2020-02-17,44.714811076918544,-122.18965342969304,0.8533080818477975
2020-02-17,44.71211613106618,-122.24247436839926,0.87324499984272
2020-02-17,44.69971938014533,-122.23438953084218,0.6999598589774522
2020-02-17,44.702953315168166,-122.23492852001266,0.7354199369845194
2020-02-17,44.702414325997694,-122.23492852001266,0.7551991691275117
2020-02-17,44.7175060227709,-122.18426353798831,0.870449372525914
2020-02-17,44.721278946964205,-122.17725667877218,0.7790555655723158
2020-02-17,44.69810241263392,-122.20205018061388,0.3672438952879667
2020-02-17,44.69864140180439,-122.22953862830794,0.7015860492058099
2020-02-17,44.70133634765675,-122.19180938637491,0.24491440643543844
2020-02-17,44.68732262922448,-122.19881624559105,0.8803019995419192
2020-02-17,44.71804501194137,-122.15839205780568,0.923163611161917
2020-02-17,44.70888219604336,-122.23816245503548,0.7883442125931606
2020-02-17,44.69918039097486,-122.20420613729576,0.43721380642274466
2020-02-17,44.70780421770241,-122.1901924188635,0.25183594067864506
2020-02-17,44.675464867474105,-122.19719927807964,1.1068292617703905
2020-02-17,44.70510927185005,-122.23546750918312,0.79262197579039
2020-02-17,44.725051871157504,-122.1675548737037,0.7348989752401671
2020-02-17,44.70618725019099,-122.1901924188635,0.2550112901622323
2020-02-17,44.72936378452128,-122.1578530686352,1.2612088247780069
2020-02-17,44.727746817009866,-122.16863285204464,0.7357702786626206
2020-02-17,44.69756342346345,-122.24786426010398,1.02417969388534
2020-02-17,44.692173531758726,-122.2074400723186,0.8285259781067082
2020-02-17,44.684088694201655,-122.19450433222728,1.1920812934768066
2020-02-17,44.70349230433864,-122.18588050549972,0.30095240937267753
2020-02-17,44.72235692530514,-122.17779566794266,0.8210689459530311
2020-02-17,44.70780421770241,-122.19504332139776,0.8347600113112641
2020-02-17,44.69810241263392,-122.23277256333076,0.7312814419731378
2020-02-17,44.69810241263392,-122.22307075826228,0.8871950576663826
2020-02-17,44.72990277369175,-122.1675548737037,0.8307244317040117
2020-02-17,44.70403129350911,-122.1880364621816,0.2370590193761843
2020-02-17,44.725590860327976,-122.14599530688484,1.0203600917683615
2020-02-17,44.71211613106618,-122.17240577623794,1.0258529343856815
2020-02-17,44.722895914475615,-122.17563971126076,0.7396194987871834
2020-02-17,44.72828580618033,-122.15677509029426,0.9782138956457428
2020-02-17,44.69756342346345,-122.21013501817096,0.5871478913256241
2020-02-17,44.69594645595203,-122.21606389904616,0.5944478052689012
2020-02-17,44.71858400111184,-122.15246317693048,2.2617630984737906
2020-02-17,44.704570282679576,-122.19342635388634,0.3034659401530429
2020-02-17,44.7175060227709,-122.25055920595634,1.146523348345189
2020-02-17,44.70942118521383,-122.19127039720443,0.4164421667393153
2020-02-17,44.72181793613468,-122.17510072209028,1.6094379124341003
2020-02-17,44.706726239361466,-122.19719927807964,0.8970930568801198
2020-02-17,44.70349230433864,-122.1885754513521,0.26826398659467937
2020-02-17,44.69971938014533,-122.237623465865,0.8006994779171153
2020-02-17,44.69594645595203,-122.22307075826228,0.6528732814220054
2020-02-17,44.7175060227709,-122.15461913361236,1.0660890969625496
2020-02-17,44.69379049927014,-122.20151119144342,0.888106838226582
2020-02-17,44.69109555341779,-122.20582310480718,0.7942576059370056
2020-02-17,44.71427208774807,-122.16270397116944,0.8574502318512216
2020-02-17,44.71103815272524,-122.17941263545409,0.7501633468889854
2020-02-17,44.69001757507685,-122.2112129965119,1.6025174695895266
2020-02-17,44.70726522853194,-122.18965342969304,0.2523771276370281
2020-02-17,44.702953315168166,-122.23385054167171,0.7199024469691541
2020-02-17,44.72720782783939,-122.16216498199896,0.9125477455953208
2020-02-17,44.716428044429954,-122.1292866426002,0.9177337335675478
2020-02-17,44.72612984949845,-122.17510072209028,0.9062605575142176
2020-02-17,44.70834320687288,-122.1885754513521,0.23038995983497693
2020-02-17,44.725590860327976,-122.13791046932776,0.8366495500040456
2020-02-17,44.725051871157504,-122.1729447654084,0.7264765680088888
2020-02-17,44.72073995779373,-122.15731407946473,0.801674012574893
2020-02-17,44.73583165456694,-122.15947003614662,0.8357503879624315
2020-02-17,44.69864140180439,-122.24786426010398,1.2263785213012028
2020-02-17,44.72828580618033,-122.16108700365804,0.9269380725833802
2020-02-17,44.72720782783939,-122.14761227439624,0.8156090082679193
2020-02-17,44.71427208774807,-122.16809386287416,0.9852836033611067
2020-02-17,44.7175060227709,-122.24409133591068,0.8257202597426563
2020-02-17,44.69918039097486,-122.20690108314813,0.616186139423817
2020-02-17,44.70133634765675,-122.24301335756974,0.9408052976377409
2020-02-17,44.69540746678156,-122.20420613729576,0.42428516743493433
2020-02-17,44.70564826102052,-122.24085740088783,0.7926230687719726
2020-02-17,44.67815981332647,-122.19127039720443,1.142382951723438
2020-02-17,44.70133634765675,-122.18695848384068,0.9134698555325136
2020-02-17,44.725590860327976,-122.18426353798831,1.131310203950022
2020-02-17,44.68462768337213,-122.19666028890916,1.0735676354276795
2020-02-17,44.70888219604336,-122.18210758130644,0.795415771955014
2020-02-17,44.70187533682722,-122.23438953084218,0.7405219163260467
2020-02-17,44.72828580618033,-122.16216498199896,0.9306794693262546
2020-02-17,44.704570282679576,-122.18534151632926,0.2651794684180777
2020-02-17,44.72397389281656,-122.15084620941909,0.7616572552239778
2020-02-17,44.72828580618033,-122.1443783393734,0.8463166665227113
2020-02-17,44.72397389281656,-122.15569711195332,0.7822379998695929
2020-02-17,44.69109555341779,-122.20258916978436,0.6885705135325335
2020-02-17,44.6851666725426,-122.19827725642058,0.9250026724761766
2020-02-17,44.70403129350911,-122.18588050549972,0.29287688932888484
2020-02-17,44.70403129350911,-122.23385054167171,0.7926767759069784
2020-02-17,44.70025836931581,-122.2451693142516,0.8558327628370411
2020-02-17,44.69864140180439,-122.20366714812528,0.4499168706789983
2020-02-17,44.72073995779373,-122.2494812276154,0.8349387562683378
2020-02-17,44.716428044429954,-122.1670158845332,1.5988558031035636
2020-02-17,44.71319410940713,-122.16593790619228,1.5339303599259553
2020-02-17,44.702414325997694,-122.19073140803395,0.23664423853311242
2020-02-17,44.70025836931581,-122.2322335741603,0.718053719774301
2020-02-17,44.702414325997694,-122.1880364621816,0.2451224580329849
2020-02-17,44.710499163554765,-122.18372454881784,0.7659065348423736
2020-02-17,44.716428044429954,-122.1880364621816,0.8726196016551364
2020-02-17,44.72990277369175,-122.1670158845332,0.8013263008621484
2020-02-17,44.72720782783939,-122.14168339352103,0.8163847072678501
2020-02-17,44.72612984949845,-122.14545631771436,0.8845420335595747
2020-02-17,44.70618725019099,-122.1864194946702,0.25413053828054816
2020-02-17,44.70726522853194,-122.17617870043124,1.054160526097276
2020-02-17,44.69918039097486,-122.24570830342208,0.818553366412219
2020-02-17,44.694329488440616,-122.22522671494416,0.8279003204347904
2020-02-17,44.721278946964205,-122.24570830342208,0.9225603448877506
2020-02-17,44.714811076918544,-122.1653989170218,0.9304753668661114
2020-02-17,44.71157714189571,-122.19180938637491,0.8941065179637744
2020-02-17,44.70403129350911,-122.2360064983536,0.7513213385197295
2020-02-17,44.69971938014533,-122.1923483755454,0.2379586370993503
2020-02-17,44.68354970503118,-122.1977382672501,1.2529797236712463
2020-02-17,44.72720782783939,-122.14545631771436,0.8378860262048569
2020-02-17,44.725590860327976,-122.14761227439624,0.8656164409108883
2020-02-17,44.7099601743843,-122.17671768960172,1.0986122886681098
2020-02-17,44.72451288198703,-122.17402274374936,0.7304046000445664
2020-02-17,44.72828580618033,-122.14545631771436,0.8741326268081365
2020-02-17,44.722895914475615,-122.15569711195332,0.7405877038540241
2020-02-17,44.70780421770241,-122.18102960296548,0.9162907318741551
2020-02-17,44.69702443429298,-122.19450433222728,0.2864250012617297
2020-02-17,44.70187533682722,-122.18749747301116,0.6931471805599453
2020-02-17,44.69001757507685,-122.21013501817096,2.133508762950112
2020-02-17,44.721278946964205,-122.15839205780568,0.7817281595430514
2020-02-17,44.71966197945279,-122.15677509029426,0.8109302162163288
2020-02-17,44.721278946964205,-122.15569711195332,0.8213309124904729
2020-02-17,44.67923779166741,-122.1939653430568,0.9475906115359923
2020-02-17,44.70187533682722,-122.237623465865,0.8452694621258109
2020-02-17,44.715350066089016,-122.18372454881784,0.8237673629770095
2020-02-17,44.7175060227709,-122.24301335756974,0.8328347347776643
2020-02-17,44.69971938014533,-122.2473252709335,0.977984300879495
2020-02-17,44.6851666725426,-122.19504332139776,1.9302112395122095
2020-02-17,44.716428044429954,-122.1675548737037,1.7346010553881064
2020-02-17,44.72073995779373,-122.13252057762304,0.911769247155309
2020-02-17,44.716967033600426,-122.2473252709335,0.9028445716963561
2020-02-17,44.7137330985776,-122.17240577623794,0.7806754074161978
2020-02-17,44.69810241263392,-122.24301335756974,0.9843382747890531
2020-02-17,44.72828580618033,-122.14869025273718,0.8699056052932199
2020-02-17,44.70133634765675,-122.18534151632926,3.7534179752515073
2020-02-17,44.70726522853194,-122.19558231056824,0.8536196249113793
2020-02-17,44.71588905525949,-122.1729447654084,0.8300973799332535
2020-02-17,44.71211613106618,-122.18318555964736,0.7942023974685275
2020-02-17,44.69702443429298,-122.23546750918312,1.2086131838824383
2020-02-17,44.71319410940713,-122.2397794225469,0.8702427997704991
2020-02-17,44.7288247953508,-122.16809386287416,0.7124567517199141
2020-02-17,44.71804501194137,-122.2435523467402,0.8216545845399919
2020-02-17,44.73583165456694,-122.15839205780568,0.8084491947481711
2020-02-17,44.71103815272524,-122.17725667877218,0.9367692632176958
2020-02-17,44.714811076918544,-122.17617870043124,0.8069649830202555
2020-02-17,44.71912299028232,-122.18210758130644,0.8571278072151866
2020-02-17,44.70510927185005,-122.18318555964736,0.7362393236147395
2020-02-17,44.702953315168166,-122.19719927807964,0.4070587339434424
2020-02-17,44.71912299028232,-122.13090361011162,0.9425370703891497
2020-02-17,44.72181793613468,-122.13467653430492,1.0802631499999131
2020-02-17,44.725051871157504,-122.14006642600964,0.9064384354311434
2020-02-17,44.714811076918544,-122.18588050549972,0.8631986447620857
2020-02-17,44.68301071586071,-122.19504332139776,0.954541595848526
2020-02-17,44.702414325997694,-122.23870144420596,0.8577640229735076
2020-02-17,44.696485445122505,-122.2133689531938,0.8016873491351513
2020-02-17,44.67977678083789,-122.19180938637491,1.0292855830935979
2020-02-17,44.71912299028232,-122.15138519858954,1.4423838277709342
2020-02-17,44.702953315168166,-122.1885754513521,0.23180161405732438
2020-02-17,44.73259771954411,-122.1653989170218,0.8645755460002108
2020-02-17,44.7175060227709,-122.24247436839926,0.9577146957121537
2020-02-17,44.71157714189571,-122.18210758130644,0.781949413939371
2020-02-17,44.72181793613468,-122.24624729259256,1.016075192073401
2020-02-17,44.69702443429298,-122.20528411563672,0.5368011101692514
2020-02-17,44.715350066089016,-122.1729447654084,0.7278489275802288
2020-02-17,44.71427208774807,-122.15947003614662,0.9612672166733416
2020-02-17,44.69594645595203,-122.22145379075086,0.4054651081081644
2020-02-17,44.725051871157504,-122.1443783393734,1.3437347467010947
2020-02-17,44.71912299028232,-122.2494812276154,0.919595877295686
2020-02-17,44.72936378452128,-122.17024981955603,0.8078266890079064
2020-02-17,44.71966197945279,-122.13036462094114,0.9133491600245032
2020-02-17,44.69810241263392,-122.23385054167171,0.7209524936402821
2020-02-17,44.69756342346345,-122.2112129965119,0.7181484827653627
2020-02-17,44.721278946964205,-122.18156859213596,0.8305419466587646
2020-02-17,44.71966197945279,-122.16054801448756,0.9317949184101203
2020-02-17,44.70564826102052,-122.23277256333076,1.184336829809077
2020-02-17,44.70564826102052,-122.18480252715878,0.6931471805599453
2020-02-17,44.71103815272524,-122.1885754513521,0.4067221792982156
2020-02-17,44.71966197945279,-122.15839205780568,1.1349799328389845
2020-02-17,44.69379049927014,-122.2112129965119,0.764761285526771
2020-02-17,44.712655120236654,-122.19127039720443,0.942989938229395
2020-02-17,44.68678364005401,-122.1977382672501,0.9177799354256228
2020-02-17,44.73259771954411,-122.16485992785134,0.8566323696971841
2020-02-17,44.73960457876024,-122.15569711195332,1.0103548055982328
2020-02-17,44.73259771954411,-122.16270397116944,0.7287872925848223
2020-02-17,44.69109555341779,-122.21390794236426,0.8428101019561862
2020-02-17,44.69379049927014,-122.2187588448985,0.5452270504833231
2020-02-17,44.73259771954411,-122.1637819495104,0.8236436694893139
2020-02-17,44.681932737519766,-122.19504332139776,0.9060468397950545
2020-02-17,44.70187533682722,-122.23331155250123,0.752739277762191
2020-02-17,44.696485445122505,-122.19288736471586,4.859812404361672
2020-02-17,44.702414325997694,-122.1977382672501,0.4359607448018168
2020-02-17,44.735292665396464,-122.15893104697616,0.8214464629339812
2020-02-17,44.712655120236654,-122.24031841171735,0.8358591724074235
2020-02-17,44.69379049927014,-122.20528411563672,0.5115246800684887
2020-02-17,44.7175060227709,-122.25002021678588,0.919992857702968
2020-02-17,44.6889395967359,-122.20474512646624,0.8367898827887884
2020-02-17,44.69864140180439,-122.2112129965119,0.9013892575613571
2020-02-17,44.710499163554765,-122.1864194946702,0.47758698229025687
2020-02-17,44.7175060227709,-122.16485992785134,1.663505133704376
2020-02-17,44.72235692530514,-122.15300216610096,0.7609828358489845
2020-02-17,44.70025836931581,-122.23924043337642,1.0378907629318355
2020-02-17,44.71912299028232,-122.18156859213596,0.8233387228601587
2020-02-17,44.69756342346345,-122.1901924188635,3.122994053164918
2020-02-17,44.714811076918544,-122.15893104697616,0.9123055287631922
2020-02-17,44.69756342346345,-122.23708447669456,2.902153926594425
2020-02-17,44.72020096862326,-122.25002021678588,0.8975068645939698
2020-02-17,44.69918039097486,-122.24678628176304,0.9244763164605946
2020-02-17,44.69918039097486,-122.23169458498982,0.7159156824576174
2020-02-17,44.72666883866892,-122.16971083038558,0.7966878595007857
2020-02-17,44.69540746678156,-122.2074400723186,0.5719336098067727
2020-02-17,44.70187533682722,-122.18534151632926,1.2187074640828728
2020-02-17,44.72666883866892,-122.14222238269151,0.8481554933728764
2020-02-17,44.70025836931581,-122.2360064983536,0.8147126551006495
2020-02-17,44.72020096862326,-122.15354115527144,0.8331948780449211
2020-02-17,44.6927125209292,-122.21714187738708,0.7393913417339016
2020-02-17,44.71966197945279,-122.18480252715878,0.9124914748990051
2020-02-17,44.722895914475615,-122.17995162462454,0.8731985888193607
2020-02-17,44.716967033600426,-122.12605270757736,1.0568852444414414
2020-02-17,44.70133634765675,-122.20205018061388,0.7671290572592413
2020-02-17,44.69810241263392,-122.19504332139776,0.28768207245178085
2020-02-17,44.72397389281656,-122.13629350181633,0.9158992658288349
2020-02-17,44.702953315168166,-122.23331155250123,0.7395233423500961
2020-02-17,44.706726239361466,-122.24139639005833,0.7874296110446172
2020-02-17,44.71912299028232,-122.18318555964736,0.849729965355816
2020-02-17,44.72020096862326,-122.15623610112378,0.7963314167951762
2020-02-17,44.712655120236654,-122.1729447654084,1.034896474282002
2020-02-17,44.70780421770241,-122.23816245503548,0.7778996905398469
2020-02-17,44.70726522853194,-122.1729447654084,1.2401524609034384
2020-02-17,44.696485445122505,-122.19719927807964,0.29626581614317243
2020-02-17,44.72235692530514,-122.17240577623794,2.0710732920093196
2020-02-17,44.70888219604336,-122.1923483755454,0.8118102655558874
2020-02-17,44.715350066089016,-122.2451693142516,0.6806937194886586
2020-02-17,44.694329488440616,-122.21714187738708,0.6375773294051346
2020-02-17,44.73421468705553,-122.15893104697616,0.925999546001116
2020-02-17,44.694329488440616,-122.22037581240993,0.65735807270836
2020-02-17,44.69971938014533,-122.20905703983,1.3992039355771997
2020-02-17,44.7137330985776,-122.24247436839926,0.8089651929862711
2020-02-17,44.70942118521383,-122.24031841171735,0.7855606068385697
2020-02-17,44.70564826102052,-122.23924043337642,0.6995698102164125
2020-02-17,44.733675697885054,-122.16324296033991,0.835256541853409
2020-02-17,44.71804501194137,-122.24570830342208,0.8288130457131005
2020-02-17,44.72828580618033,-122.15947003614662,0.9214453824628195
2020-02-17,44.72451288198703,-122.17024981955603,0.7314063422163591
2020-02-17,44.69325151009967,-122.22414873660324,3.6748932121391964
2020-02-17,44.69163454258826,-122.20258916978436,0.7640989165322297
2020-02-17,44.70834320687288,-122.17078880872651,1.038180549483192
2020-02-17,44.716967033600426,-122.18588050549972,0.8707817518737763
2020-02-17,44.69540746678156,-122.22307075826228,0.4195074652312033
2020-02-17,44.70834320687288,-122.17941263545409,1.7346010553881064
2020-02-17,44.71804501194137,-122.17941263545409,0.7358257901833749
2020-02-17,44.70618725019099,-122.18588050549972,0.24256163717131127
2020-02-17,44.727746817009866,-122.1578530686352,0.9116917788204523
2020-02-17,44.71427208774807,-122.17563971126076,0.675026948828712
2020-02-17,44.737448622078354,-122.1600090253171,0.7807523139898649
2020-02-17,44.7137330985776,-122.1864194946702,0.7779541963246878
2020-02-17,44.7288247953508,-122.16432093868086,0.724185399270927
2020-02-17,44.69486847761109,-122.22468772577368,0.27422291907777613
2020-02-17,44.696485445122505,-122.22414873660324,0.5152357742435434
2020-02-17,44.727746817009866,-122.14330036103246,0.8586964932288769
2020-02-17,44.70618725019099,-122.18426353798831,0.38732085598476085
2020-02-17,44.714811076918544,-122.2451693142516,0.8559588072645516
2020-02-17,44.72343490364609,-122.15138519858954,0.758749628908703
2020-02-17,44.69540746678156,-122.20851805065952,0.5286434670827844
2020-02-17,44.73313670871458,-122.16432093868086,0.8566684728537528
2020-02-17,44.72397389281656,-122.15300216610096,0.7585178957656358
2020-02-17,44.72073995779373,-122.15246317693048,0.8199230825768926
2020-02-17,44.68354970503118,-122.19612129973868,0.989982068918449
2020-02-17,44.72990277369175,-122.16432093868086,0.7182022151688325
2020-02-17,44.70888219604336,-122.19180938637491,0.6872648106568788
2020-02-17,44.731519741203165,-122.1600090253171,0.8860148463244295
2020-02-17,44.71588905525949,-122.1901924188635,0.830048799993396
2020-02-17,44.7099601743843,-122.19342635388634,0.8268340337366659
2020-02-17,44.725590860327976,-122.1675548737037,0.7304291636422985
2020-02-17,44.733675697885054,-122.1616259928285,0.7454387280875431
2020-02-17,44.71966197945279,-122.24786426010398,0.8823080410041414
2020-02-17,44.69379049927014,-122.20582310480718,0.5735443081865759
2020-02-17,44.70942118521383,-122.2360064983536,0.7913928936905584
2020-02-17,44.72181793613468,-122.18534151632926,0.8718926807653602
2020-02-17,44.725051871157504,-122.1481512635667,1.2462482874741743
2020-02-17,44.69971938014533,-122.20420613729576,0.4232275644480048
2020-02-17,44.710499163554765,-122.19127039720443,0.8107376307559356
2020-02-17,44.69971938014533,-122.23385054167171,0.7123089335467412
2020-02-17,44.706726239361466,-122.18426353798831,0.3728612280153486
2020-02-17,44.72666883866892,-122.1465342960553,0.8008072085848803
2020-02-17,44.70187533682722,-122.18588050549972,1.0459685551826878
2020-02-17,44.714811076918544,-122.17402274374936,0.7248765048492807
2020-02-17,44.69756342346345,-122.24624729259256,0.947805515098846
2020-02-17,44.725590860327976,-122.1691718412151,0.7316557544192457
2020-02-17,44.73690963290788,-122.15677509029426,1.327645634038383
2020-02-17,44.70133634765675,-122.23061660664888,0.8209494352885475
2020-02-17,44.68354970503118,-122.1939653430568,1.0975024106407485
2020-02-17,44.727746817009866,-122.14976823107811,0.833034052662295
2020-02-17,44.725590860327976,-122.14330036103246,0.8920764737535605
2020-02-17,44.70079735848628,-122.20312815895484,0.7399941538567342
2020-02-17,44.69918039097486,-122.23492852001266,0.7152883064371588
2020-02-17,44.72343490364609,-122.15623610112378,0.7855722806262472
2020-02-17,44.7099601743843,-122.18749747301116,0.33091495155634654
2020-02-17,44.710499163554765,-122.19073140803395,0.7053053850397549
2020-02-17,44.72073995779373,-122.18426353798831,0.8801763003399435
2020-02-17,44.704570282679576,-122.23385054167171,0.7920271990504952
2020-02-17,44.69163454258826,-122.20905703983,0.9354721033260798
2020-02-17,44.70834320687288,-122.23924043337642,0.721373537567711
2020-02-17,44.69810241263392,-122.23546750918312,0.6789519478009383
2020-02-17,44.71103815272524,-122.24247436839926,0.8392871366411246
2020-02-17,44.73313670871458,-122.1653989170218,0.9209231498690764
2020-02-17,44.706726239361466,-122.1939653430568,0.36464311358790924
2020-02-17,44.72343490364609,-122.15084620941909,0.796002464013381
2020-02-17,44.69864140180439,-122.21013501817096,0.8546111058837136
2020-02-17,44.71427208774807,-122.1616259928285,0.8362480242006185
2020-02-17,44.73637064373741,-122.16108700365804,0.8782835059114757
2020-02-17,44.7099601743843,-122.19073140803395,0.4895482253187058
2020-02-17,44.69756342346345,-122.19073140803395,1.783791299578878
2020-02-17,44.70079735848628,-122.23816245503548,0.8343993507571759
2020-02-17,44.721278946964205,-122.24894223844493,0.6652383924428686
2020-02-17,44.70564826102052,-122.19342635388634,0.31237468504215243
2020-02-17,44.712655120236654,-122.1901924188635,0.822875052666066
2020-02-17,44.715350066089016,-122.1691718412151,0.7542374224186006
2020-02-17,44.712655120236654,-122.16108700365804,0.9482280916363284
2020-02-17,44.69918039097486,-122.24247436839926,0.8483774826243232
2020-02-17,44.72235692530514,-122.1578530686352,0.8783666901168511
2020-02-17,44.70564826102052,-122.18965342969304,0.2668352108122581
2020-02-17,44.72612984949845,-122.1465342960553,0.9103910097469667
2020-02-17,44.72720782783939,-122.1616259928285,0.904397628360203
2020-02-17,44.71319410940713,-122.18911444052256,0.8778636986694299
2020-02-17,44.67708183498552,-122.1885754513521,1.252762968495368
2020-02-17,44.716967033600426,-122.1880364621816,0.9647550039109977
2020-02-17,44.704570282679576,-122.1923483755454,0.2792330179652533
2020-02-17,44.71858400111184,-122.2473252709335,0.651300070624445
2020-02-17,44.725051871157504,-122.1600090253171,0.8944678597953866
2020-02-17,44.72181793613468,-122.15623610112378,0.8204479024972922
2020-02-17,44.716428044429954,-122.1729447654084,1.3482900915698788
2020-02-17,44.68570566171307,-122.19666028890916,0.9934735270859233
2020-02-17,44.69918039097486,-122.19827725642058,0.30318625898774626
2020-02-17,44.7175060227709,-122.15623610112378,0.9287132518727123
2020-02-17,44.7288247953508,-122.1578530686352,0.9534663636228942
2020-02-17,44.706726239361466,-122.23816245503548,0.7188106146493591
2020-02-17,44.71858400111184,-122.12820866425926,0.9927442875895972
2020-02-17,44.69756342346345,-122.22899963913748,0.663876798259832
2020-02-17,44.71211613106618,-122.1864194946702,0.7691986946497018
2020-02-17,44.71427208774807,-122.1864194946702,0.8531981578898747
2020-02-17,44.71858400111184,-122.16054801448756,1.295322582914164
2020-02-17,44.72235692530514,-122.15569711195332,0.7570044135124768
2020-02-17,44.72343490364609,-122.17563971126076,0.7470234918709596
2020-02-17,44.72020096862326,-122.13090361011162,0.9017230555292097
2020-02-17,44.727746817009866,-122.1616259928285,0.8999123284351052
2020-02-17,44.69756342346345,-122.2300776174784,0.7011335321925952
2020-02-17,44.69810241263392,-122.20258916978436,0.43623676677491807
2020-02-17,44.70133634765675,-122.20097220227294,0.5644467152050883
2020-02-17,44.70349230433864,-122.23331155250123,0.7897416668757834
2020-02-17,44.73906558958977,-122.15839205780568,0.8244160405243511
2020-02-17,44.7288247953508,-122.17240577623794,0.8919814968447499
2020-02-17,44.69864140180439,-122.19612129973868,0.27443684570176036
2020-02-17,44.67923779166741,-122.1901924188635,1.0400456222366041
2020-02-17,44.69594645595203,-122.21067400734142,0.6074917359814515
2020-02-17,44.70726522853194,-122.18318555964736,0.6554068525770983
2020-02-17,44.70133634765675,-122.2322335741603,0.7299752780761957
2020-02-17,44.70079735848628,-122.22792166079653,1.4995559120574282
2020-02-17,44.69594645595203,-122.20636209397766,0.5271102175304913
2020-02-17,44.71804501194137,-122.18426353798831,0.846423352242271
2020-02-17,44.70079735848628,-122.20528411563672,0.9018635513658277
2020-02-17,44.71319410940713,-122.18318555964736,0.891931397073904
2020-02-17,44.71966197945279,-122.15192418776002,1.064274151087218
2020-02-17,44.70079735848628,-122.24570830342208,2.1890692556722726
2020-02-17,44.69540746678156,-122.2225317690918,0.47840383137100223
2020-02-17,44.70834320687288,-122.18534151632926,0.29750211863275644
2020-02-17,44.694329488440616,-122.22414873660324,0.636487146994454
2020-02-17,44.715350066089016,-122.1675548737037,1.5950491749820008
2020-02-17,44.73421468705553,-122.16108700365804,0.7889737559347437
2020-02-17,44.73475367622599,-122.1616259928285,0.7790896103606701
2020-02-17,44.704570282679576,-122.1864194946702,0.2314423541289049
2020-02-17,44.69864140180439,-122.22576570411464,0.9006086357750815
2020-02-17,44.69702443429298,-122.24678628176304,0.9437973776639885
2020-02-17,44.69756342346345,-122.19558231056824,0.29124713861627716
2020-02-17,44.72397389281656,-122.15138519858954,0.7543411043642821
2020-02-17,44.7137330985776,-122.1675548737037,1.0840134892469568
2020-02-17,44.712655120236654,-122.17779566794266,0.7710697602316952
2020-02-17,44.710499163554765,-122.24247436839926,0.8686547853111667
2020-02-17,44.72666883866892,-122.14006642600964,0.8544153281560676
2020-02-17,44.71319410940713,-122.18049061379502,0.798935517789795
2020-02-17,44.69756342346345,-122.19450433222728,0.25464221837358075
2020-02-17,44.73098075203269,-122.16216498199896,0.8196144316387869
2020-02-17,44.72720782783939,-122.1691718412151,0.7254041882258442
2020-02-17,44.70618725019099,-122.1880364621816,0.2451224580329849
2020-02-17,44.716967033600426,-122.24463032508116,0.8114310425902969
2020-02-17,44.72020096862326,-122.17617870043124,1.4597488096690436
2020-02-17,44.69702443429298,-122.19504332139776,0.2852159799565874
2020-02-17,44.72397389281656,-122.171327797897,0.7320033451851771
2020-02-17,44.73421468705553,-122.16216498199896,0.8488179325378383
2020-02-17,44.69379049927014,-122.20205018061388,0.8692637183231039
2020-02-17,44.73259771954411,-122.16054801448756,0.8371929557633959
2020-02-17,44.69594645595203,-122.25217617346776,2.680347598552874
2020-02-17,44.69163454258826,-122.20582310480718,0.8014578855809662
2020-02-17,44.7175060227709,-122.18534151632926,0.8618259609501133
2020-02-17,44.712655120236654,-122.1885754513521,0.8454430415433193
2020-02-17,44.70403129350911,-122.19719927807964,0.39965113824274456
2020-02-17,44.727746817009866,-122.142761371862,0.8505210702687722
2020-02-17,44.712655120236654,-122.17833465711313,0.7605758994544672
2020-02-17,44.70079735848628,-122.2360064983536,0.8054234697544068
2020-02-17,44.72343490364609,-122.15731407946473,0.8403529330433571
2020-02-17,44.71157714189571,-122.18156859213596,0.7605343375743773
2020-02-17,44.6927125209292,-122.21444693153472,0.9120019476019375
2020-02-17,44.69109555341779,-122.21229097485283,0.8629967699303073
2020-02-17,44.70510927185005,-122.23385054167171,0.7749366135684234
2020-02-17,44.69810241263392,-122.20851805065952,0.5455111817538808
2020-02-17,44.70618725019099,-122.19342635388634,0.32228760162925646
2020-02-17,44.72343490364609,-122.171327797897,0.9534302788236119
2020-02-17,44.725590860327976,-122.17348375457888,0.8219993650652614
2020-02-17,44.70834320687288,-122.18372454881784,0.7213180575266416
2020-02-17,44.70564826102052,-122.1939653430568,0.3483066942682158
2020-02-17,44.71966197945279,-122.24624729259256,0.8059426747052896
2020-02-17,44.69810241263392,-122.237623465865,1.0352259558222494
2020-02-17,44.70618725019099,-122.23546750918312,0.7849792435223614
2020-02-17,44.696485445122505,-122.2149859207052,0.7019114785535335
2020-02-17,44.69163454258826,-122.20528411563672,0.7350095259208572
2020-02-17,44.69971938014533,-122.24463032508116,0.7504185058210042
2020-02-17,44.68678364005401,-122.19827725642058,0.9067212808580044
2020-02-17,44.70888219604336,-122.24247436839926,1.1109760825269677
2020-02-17,44.696485445122505,-122.20851805065952,0.5078360849176247
2020-02-17,44.69702443429298,-122.23277256333076,0.7008543478048831
2020-02-17,44.677620824156,-122.1901924188635,1.0896836579238085
2020-02-17,44.71103815272524,-122.24031841171735,0.8271051033679444
2020-02-17,44.696485445122505,-122.19558231056824,0.29881391282062514
2020-02-17,44.72828580618033,-122.1481512635667,1.0116009116784799
2020-02-17,44.69325151009967,-122.21821985572804,0.46813621507094005
2020-02-17,44.73044176286222,-122.1670158845332,0.8879227911566979
2020-02-17,44.72073995779373,-122.15893104697616,1.1786549963416462
2020-02-17,44.72720782783939,-122.1503072202486,0.8705053082064764
2020-02-17,44.71966197945279,-122.15893104697616,1.3862943611198906
2020-02-17,44.72235692530514,-122.18156859213596,0.8413587189502423
2020-02-17,44.71157714189571,-122.18695848384068,0.5599987096326156
2020-02-17,44.68247172669024,-122.19504332139776,0.8954521223764291
2020-02-17,44.706726239361466,-122.23654548752408,0.7735274247026798
2020-02-17,44.69379049927014,-122.20959602900048,0.6299207085937576
2020-02-17,44.72612984949845,-122.1406054151801,0.9018219207542384
2020-02-17,44.70187533682722,-122.19504332139776,0.27425905211964025
2020-02-17,44.68301071586071,-122.1939653430568,0.992837865719606
2020-02-17,44.70564826102052,-122.23492852001266,0.7859635934858678
2020-02-17,44.69486847761109,-122.20636209397766,0.512794128338663
2020-02-17,44.70133634765675,-122.23277256333076,0.7376460473960792
2020-02-17,44.71912299028232,-122.1578530686352,0.9808292530117263
2020-02-17,44.69810241263392,-122.19342635388634,0.24334625863172918
2020-02-17,44.69971938014533,-122.24139639005833,2.6264785474083983
2020-02-17,44.71912299028232,-122.12982563177069,0.9966001892047217
2020-02-17,44.71912299028232,-122.12820866425926,1.0457390973904415
2020-02-17,44.722895914475615,-122.1503072202486,0.8134892498333884
2020-02-17,44.70564826102052,-122.18156859213596,0.8973349075111988
2020-02-17,44.70942118521383,-122.17617870043124,1.0068047394149868
2020-02-17,44.722895914475615,-122.18318555964736,0.8625775039649946
2020-02-17,44.71966197945279,-122.2494812276154,0.8634251101186521
2020-02-17,44.72397389281656,-122.15623610112378,0.7769976565298448
2020-02-17,44.715350066089016,-122.15947003614662,0.8495993573754829
2020-02-17,44.70942118521383,-122.18480252715878,0.3635741663990042
2020-02-17,44.70618725019099,-122.18049061379502,1.0986122886681098
2020-02-17,44.72828580618033,-122.171327797897,0.8818045558029859
2020-02-17,44.67869880249694,-122.19612129973868,1.6222902890513924
2020-02-17,44.7288247953508,-122.16485992785134,0.7256310706820578
2020-02-17,44.727746817009866,-122.16324296033991,0.9566941772764858
2020-02-17,44.716967033600426,-122.15515812278284,1.0342814302869696
2020-02-17,44.69971938014533,-122.24409133591068,0.8614263802308609
2020-02-17,44.72451288198703,-122.16270397116944,0.8930808100780263
2020-02-17,44.71157714189571,-122.237623465865,1.2230779267588603
2020-02-17,44.737448622078354,-122.15893104697616,0.7254714346740454
2020-02-17,44.727746817009866,-122.1729447654084,0.8828082198419456
2020-02-17,44.73313670871458,-122.16270397116944,0.7729075618623237
2020-02-17,44.72235692530514,-122.17617870043124,0.7417360818038445
2020-02-17,44.69702443429298,-122.22414873660324,0.39475345251323657
2020-02-17,44.72828580618033,-122.16432093868086,0.8238461993521536
2020-02-17,44.714811076918544,-122.18534151632926,0.8622993514897372
